chr	strand	gene	group	cluster	start	end	dominant_tss	tags	tags.dominant_tss	q_0.1	q_0.9	interquantile_width	inCoding	cluster_width	hpi	cell_line	Time	dominant_TC	CDS_start	CDS_end	CDS_prime5	CDS_prime3	TSS_CDS_dist	closest_TC
LT934125.1	+	ELIE	AGTG	790	100437	100437	100437	62.932662	62.932662	100437	100437	1		1				790	100549	102393	100549	102393	112	790
LT934125.1	+	ELIE	GCGG	790	100437	100437	100437	241.779497	241.779497	100437	100437	1		1				790	100549	102393	100549	102393	112	790
LT934125.1	+	ELIE	GCTG	790	100433	100433	100433	54.571748	54.571748	100433	100433	1		1				790	100549	102393	100549	102393	116	0
LT934125.1	+	ELIE	GCTG	791	100519	100519	100519	27.285874	27.285874	100519	100519	1		1				0	100549	102393	100549	102393	30	791
LT934125.1	+	IE180_2	ACCG	1111	136255	136255	136255	14.405745	14.405745	136255	136255	1		1				0	136420	140772	136420	140772	165	0
LT934125.1	+	IE180_2	ACCG	1112	136337	136351	136348	601.439854	432.17235	136344	136348	5		15				1112	136420	140772	136420	140772	72	1112
LT934125.1	+	IE180_2	AGTG	1112	136335	136351	136348	6607.929514	4908.74764	136339	136348	10		17				1112	136420	140772	136420	140772	72	1112
LT934125.1	+	IE180_2	ATGG	1110	136227	136227	136227	36.451562	36.451562	136227	136227	1		1				0	136420	140772	136420	140772	193	0
LT934125.1	+	IE180_2	ATGG	1112	136335	136351	136348	1057.095296	704.730198	136345	136349	5		17				1112	136420	140772	136420	140772	72	1112
LT934125.1	+	IE180_2	GCGG	1111	136256	136256	136256	241.779497	241.779497	136256	136256	1		1				0	136420	140772	136420	140772	164	0
LT934125.1	+	IE180_2	GCGG	1112	136345	136349	136348	2659.574468	1934.235977	136348	136349	2		5				1112	136420	140772	136420	140772	72	1112
LT934125.1	+	IE180_2	GCTG	1110	136203	136203	136203	27.285874	27.285874	136203	136203	1		1				0	136420	140772	136420	140772	217	0
LT934125.1	+	IE180_2	GCTG	1112	136342	136348	136345	873.147971	682.146853	136345	136347	3		7				1112	136420	140772	136420	140772	75	1112
LT934125.1	+	IE180_2	TACG	1112	136338	136338	136338	567.859171	567.859171	136338	136338	1		1				1112	136420	140772	136420	140772	82	1112
LT934125.1	+	NOIR	ACCG	822	107310	107310	107310	21.608618	21.608618	107310	107310	1		1				0	107483	108830	107483	108830	173	0
LT934125.1	+	NOIR	ACCG	824	107418	107433	107432	194.477558	50.420108	107420	107432	13		16				0	107483	108830	107483	108830	51	0
LT934125.1	+	NOIR	ACCG	825	107473	107482	107482	7739.486507	7710.675017	107482	107482	1		10				825	107483	108830	107483	108830	1	825
LT934125.1	+	NOIR	AGTG	824	107420	107434	107422	629.32662	251.730648	107422	107433	12		15				0	107483	108830	107483	108830	61	0
LT934125.1	+	NOIR	AGTG	825	107479	107482	107482	16740.088106	16677.155444	107482	107482	1		4				825	107483	108830	107483	108830	1	825
LT934125.1	+	NOIR	ATGG	822	107309	107309	107309	36.451562	36.451562	107309	107309	1		1				0	107483	108830	107483	108830	174	0
LT934125.1	+	NOIR	ATGG	824	107420	107432	107420	340.214577	121.505206	107420	107432	13		13				0	107483	108830	107483	108830	63	0
LT934125.1	+	NOIR	ATGG	825	107479	107482	107482	12587.939393	12551.487831	107482	107482	1		4				825	107483	108830	107483	108830	1	825
LT934125.1	+	NOIR	GCGG	824	107401	107401	107401	241.779497	241.779497	107401	107401	1		1				0	107483	108830	107483	108830	82	0
LT934125.1	+	NOIR	GCGG	825	107482	107486	107482	8704.061895	7736.943907	107482	107483	2		5				825	107483	108830	107483	108830	1	825
LT934125.1	+	NOIR	GCTG	821	107243	107243	107243	27.285874	27.285874	107243	107243	1		1				0	107483	108830	107483	108830	240	0
LT934125.1	+	NOIR	GCTG	822	107310	107310	107310	27.285874	27.285874	107310	107310	1		1				0	107483	108830	107483	108830	173	0
LT934125.1	+	NOIR	GCTG	823	107363	107365	107363	54.571748	27.285874	107363	107365	3		3				0	107483	108830	107483	108830	120	0
LT934125.1	+	NOIR	GCTG	824	107420	107432	107432	272.85874	109.143496	107420	107432	13		13				0	107483	108830	107483	108830	51	0
LT934125.1	+	NOIR	GCTG	825	107473	107482	107482	8731.479712	8595.050342	107482	107482	1		10				825	107483	108830	107483	108830	1	825
LT934125.1	+	NOIR	TACG	824	107426	107426	107426	567.859171	567.859171	107426	107426	1		1				0	107483	108830	107483	108830	57	0
LT934125.1	+	NOIR	TACG	825	107482	107485	107482	4542.873367	3975.014196	107482	107485	4		4				825	107483	108830	107483	108830	1	825
LT934125.1	+	ORF-1	ACCG	12	1600	1603	1600	756.301613	601.439854	1600	1603	4		4				12	1623	2243	1623	2243	23	12
LT934125.1	+	ORF-1	AGTG	9	1379	1379	1379	62.932662	62.932662	1379	1379	1		1				0	1623	2243	1623	2243	244	0
LT934125.1	+	ORF-1	AGTG	10	1469	1469	1469	62.932662	62.932662	1469	1469	1		1				0	1623	2243	1623	2243	154	0
LT934125.1	+	ORF-1	AGTG	12	1600	1604	1600	314.66331	125.865324	1600	1604	5		5				12	1623	2243	1623	2243	23	12
LT934125.1	+	ORF-1	ATGG	9	1381	1381	1381	24.301041	24.301041	1381	1381	1		1				0	1623	2243	1623	2243	242	0
LT934125.1	+	ORF-1	ATGG	11	1501	1501	1501	48.602083	48.602083	1501	1501	1		1				0	1623	2243	1623	2243	122	0
LT934125.1	+	ORF-1	ATGG	12	1600	1603	1600	656.128115	546.773429	1600	1603	4		4				12	1623	2243	1623	2243	23	12
LT934125.1	+	ORF-1	GCGG	12	1599	1599	1599	483.558994	483.558994	1599	1599	1		1				12	1623	2243	1623	2243	24	12
LT934125.1	+	ORF-1	GCTG	9	1382	1382	1382	54.571748	54.571748	1382	1382	1		1				0	1623	2243	1623	2243	241	0
LT934125.1	+	ORF-1	GCTG	10	1469	1469	1469	27.285874	27.285874	1469	1469	1		1				0	1623	2243	1623	2243	154	0
LT934125.1	+	ORF-1	GCTG	12	1597	1603	1600	900.433845	627.575104	1600	1603	4		7				12	1623	2243	1623	2243	23	12
LT934125.1	+	ORF-1	TACG	12	1600	1600	1600	1703.577513	1703.577513	1600	1600	1		1				12	1623	2243	1623	2243	23	12
LT934125.1	+	UL11	ATGG	645	79719	79719	79719	24.301041	24.301041	79719	79719	1	UL12	1				645	79779	79970	79779	79970	60	645
LT934125.1	+	UL11	GCTG	645	79720	79720	79720	27.285874	27.285874	79720	79720	1	UL12	1				645	79779	79970	79779	79970	59	645
LT934125.1	+	UL14	ACCG	621	76677	76685	76685	349.339316	154.861759	76683	76685	3		9				621	76753	77232	76753	77232	68	0
LT934125.1	+	UL14	ACCG	622	76749	76749	76749	14.405745	14.405745	76749	76749	1		1				0	76753	77232	76753	77232	4	622
LT934125.1	+	UL14	AGTG	621	76677	76685	76685	1950.912523	1384.518565	76679	76685	7		9				621	76753	77232	76753	77232	68	621
LT934125.1	+	UL14	ATGG	621	76683	76685	76685	194.40833	170.107289	76683	76685	3		3				621	76753	77232	76753	77232	68	621
LT934125.1	+	UL14	GCGG	620	76597	76597	76597	241.779497	241.779497	76597	76597	1		1				0	76753	77232	76753	77232	156	0
LT934125.1	+	UL14	GCGG	621	76682	76683	76682	1208.897485	725.338491	76682	76683	2		2				621	76753	77232	76753	77232	71	621
LT934125.1	+	UL14	GCTG	620	76618	76618	76618	27.285874	27.285874	76618	76618	1		1				0	76753	77232	76753	77232	135	0
LT934125.1	+	UL14	GCTG	621	76677	76685	76685	245.572866	109.143496	76677	76685	9		9				621	76753	77232	76753	77232	68	621
LT934125.1	+	UL14	TACG	621	76683	76683	76683	1703.577513	1703.577513	76683	76683	1		1				621	76753	77232	76753	77232	70	621
LT934125.1	+	UL16	AGTG	604	74571	74571	74571	62.932662	62.932662	74571	74571	1	UL17	1				604	74654	75640	74654	75640	83	0
LT934125.1	+	UL16	AGTG	605	74632	74632	74632	62.932662	62.932662	74632	74632	1		1				605	74654	75640	74654	75640	22	605
LT934125.1	+	UL17	ACCG	593	72758	72763	72760	1235.292634	424.969478	72759	72763	5		6				593	72834	74627	72834	74627	74	0
LT934125.1	+	UL17	ACCG	594	72813	72813	72813	21.608618	21.608618	72813	72813	1		1				0	72834	74627	72834	74627	21	594
LT934125.1	+	UL17	AGTG	591	72619	72619	72619	62.932662	62.932662	72619	72619	1		1				0	72834	74627	72834	74627	215	0
LT934125.1	+	UL17	AGTG	593	72758	72760	72760	1258.653241	755.191945	72759	72760	2		3				593	72834	74627	72834	74627	74	0
LT934125.1	+	UL17	AGTG	594	72813	72813	72813	188.797986	188.797986	72813	72813	1		1				0	72834	74627	72834	74627	21	594
LT934125.1	+	UL17	ATGG	593	72758	72763	72759	1251.503627	729.031239	72759	72763	5		6				593	72834	74627	72834	74627	75	593
LT934125.1	+	UL17	GCGG	592	72661	72661	72661	241.779497	241.779497	72661	72661	1		1				0	72834	74627	72834	74627	173	0
LT934125.1	+	UL17	GCGG	593	72756	72763	72759	3143.133462	1450.676983	72756	72763	8		8				593	72834	74627	72834	74627	75	593
LT934125.1	+	UL17	GCTG	593	72756	72763	72763	927.719719	545.717482	72756	72763	8		8				593	72834	74627	72834	74627	71	0
LT934125.1	+	UL17	GCTG	594	72828	72828	72828	27.285874	27.285874	72828	72828	1		1				0	72834	74627	72834	74627	6	594
LT934125.1	+	UL18	ACCG	563	70526	70534	70531	13966.369788	8146.448804	70526	70531	6		9				563	70559	71449	70559	71449	28	563
LT934125.1	+	UL18	AGTG	563	70529	70531	70531	7866.582757	4782.882316	70529	70531	3		3				563	70559	71449	70559	71449	28	563
LT934125.1	+	UL18	ATGG	563	70525	70534	70531	11700.951385	7642.677489	70529	70531	3		10				563	70559	71449	70559	71449	28	563
LT934125.1	+	UL18	GCGG	563	70528	70529	70528	10638.297873	6528.046422	70528	70529	2		2				563	70559	71449	70559	71449	31	563
LT934125.1	+	UL18	GCTG	562	70452	70452	70452	27.285874	27.285874	70452	70452	1		1				0	70559	71449	70559	71449	107	0
LT934125.1	+	UL18	GCTG	563	70528	70534	70531	13451.935932	8758.765587	70529	70531	3		7				563	70559	71449	70559	71449	28	563
LT934125.1	+	UL18	TACG	563	70528	70531	70531	8517.887564	5678.591709	70528	70531	4		4				563	70559	71449	70559	71449	28	563
LT934125.1	+	UL19	ACCG	500	66330	66338	66338	29214.850883	28285.680329	66338	66338	1		9				500	66399	70391	66399	70391	61	500
LT934125.1	+	UL19	AGTG	500	66337	66338	66338	12586.53241	12460.667086	66338	66338	1		2				500	66399	70391	66399	70391	61	500
LT934125.1	+	UL19	ATGG	500	66335	66338	66338	26889.102198	26512.436058	66338	66338	1		4				500	66399	70391	66399	70391	61	500
LT934125.1	+	UL19	GCGG	500	66333	66338	66338	23936.170212	23210.831721	66338	66338	1		6				500	66399	70391	66399	70391	61	500
LT934125.1	+	UL19	GCTG	500	66335	66338	66338	33015.907664	32879.478294	66338	66338	1		4				500	66399	70391	66399	70391	61	500
LT934125.1	+	UL19	TACG	500	66334	66338	66338	10789.324248	10221.465077	66338	66338	1		5				500	66399	70391	66399	70391	61	500
LT934125.1	+	UL20	ACCG	495	65805	65807	65807	947.177734	543.816874	65805	65807	3		3				495	65827	66312	65827	66312	20	495
LT934125.1	+	UL20	AGTG	495	65805	65807	65807	2706.104468	1510.383889	65805	65807	3		3				495	65827	66312	65827	66312	20	495
LT934125.1	+	UL20	ATGG	493	65649	65649	65649	24.301041	24.301041	65649	65649	1		1				0	65827	66312	65827	66312	178	0
LT934125.1	+	UL20	ATGG	495	65805	65809	65805	1044.944776	607.526032	65805	65807	3		5				495	65827	66312	65827	66312	22	495
LT934125.1	+	UL20	GCGG	495	65802	65805	65805	1692.456479	967.117988	65802	65805	4		4				495	65827	66312	65827	66312	22	495
LT934125.1	+	UL20	GCTG	494	65737	65737	65737	27.285874	27.285874	65737	65737	1		1				0	65827	66312	65827	66312	90	0
LT934125.1	+	UL20	GCTG	495	65805	65809	65807	163.715244	81.857622	65805	65809	5		5				495	65827	66312	65827	66312	20	495
LT934125.1	+	UL20	TACG	495	65807	65807	65807	567.859171	567.859171	65807	65807	1		1				495	65827	66312	65827	66312	20	495
LT934125.1	+	UL22	ACCG	443	60232	60239	60232	1451.37881	522.208257	60232	60236	5		8				443	60254	62314	60254	62314	22	443
LT934125.1	+	UL22	AGTG	443	60232	60239	60232	1195.720578	440.528634	60232	60236	5		8				443	60254	62314	60254	62314	22	443
LT934125.1	+	UL22	ATGG	443	60232	60236	60235	1737.524453	571.074471	60232	60236	5		5				443	60254	62314	60254	62314	19	443
LT934125.1	+	UL22	GCGG	443	60232	60235	60234	2176.015473	967.117988	60232	60235	4		4				443	60254	62314	60254	62314	20	443
LT934125.1	+	UL22	GCTG	443	60232	60239	60232	1364.293705	518.431608	60232	60235	4		8				443	60254	62314	60254	62314	22	443
LT934125.1	+	UL23	ACCG	428	59068	59070	59068	1318.125668	1130.850983	59068	59070	3		3				428	59156	60118	59156	60118	88	428
LT934125.1	+	UL23	AGTG	428	59057	59070	59068	13089.993707	11013.215859	59068	59068	1		14				428	59156	60118	59156	60118	88	0
LT934125.1	+	UL23	AGTG	429	59153	59153	59153	125.865324	125.865324	59153	59153	1		1				0	59156	60118	59156	60118	3	429
LT934125.1	+	UL23	ATGG	428	59067	59070	59068	2089.889552	1846.879139	59068	59068	1		4				428	59156	60118	59156	60118	88	428
LT934125.1	+	UL23	GCGG	428	59068	59070	59068	7978.723405	6286.266925	59068	59070	3		3				428	59156	60118	59156	60118	88	428
LT934125.1	+	UL23	GCTG	427	58955	58955	58955	27.285874	27.285874	58955	58955	1		1				0	59156	60118	59156	60118	201	0
LT934125.1	+	UL23	GCTG	428	59065	59070	59068	4202.024611	3519.877759	59068	59070	3		6				428	59156	60118	59156	60118	88	428
LT934125.1	+	UL23	TACG	428	59067	59068	59068	3407.155026	2839.295855	59067	59068	2		2				428	59156	60118	59156	60118	88	428
LT934125.1	+	UL30	ACCG	168	25369	25369	25369	14.405745	14.405745	25369	25369	1		1				0	25434	28580	25434	28580	65	0
LT934125.1	+	UL30	ACCG	169	25418	25422	25422	75.630162	28.81149	25418	25422	5		5				169	25434	28580	25434	28580	12	169
LT934125.1	+	UL30	AGTG	169	25420	25422	25420	3272.498426	1636.249213	25420	25422	3		3				169	25434	28580	25434	28580	14	169
LT934125.1	+	UL30	ATGG	169	25420	25422	25420	194.408331	109.354686	25420	25422	3		3				169	25434	28580	25434	28580	14	169
LT934125.1	+	UL30	GCGG	169	25419	25420	25419	483.558994	241.779497	25419	25420	2		2				169	25434	28580	25434	28580	15	169
LT934125.1	+	UL30	GCTG	169	25419	25422	25419	54.571748	27.285874	25419	25422	4		4				169	25434	28580	25434	28580	15	169
LT934125.1	+	UL33	AGTG	210	30715	30715	30715	62.932662	62.932662	30715	30715	1		1				210	30720	31070	30720	31070	5	210
LT934125.1	+	UL33	ATGG	210	30701	30701	30701	24.301041	24.301041	30701	30701	1		1				210	30720	31070	30720	31070	19	210
LT934125.1	+	UL33	GCTG	208	30511	30511	30511	54.571748	54.571748	30511	30511	1		1				0	30720	31070	30720	31070	209	0
LT934125.1	+	UL33	GCTG	209	30594	30594	30594	27.285874	27.285874	30594	30594	1		1				0	30720	31070	30720	31070	126	0
LT934125.1	+	UL33	GCTG	210	30702	30710	30702	81.857622	27.285874	30702	30710	9		9				210	30720	31070	30720	31070	18	210
LT934125.1	+	UL34	ACCG	215	31093	31098	31098	3849.935354	2690.272881	31096	31098	3		6				215	31226	32011	31226	32011	128	0
LT934125.1	+	UL34	ACCG	216	31147	31151	31151	46.818671	28.81149	31147	31151	5		5				0	31226	32011	31226	32011	75	216
LT934125.1	+	UL34	AGTG	215	31093	31098	31098	11327.879169	7237.256136	31096	31098	3		6				215	31226	32011	31226	32011	128	0
LT934125.1	+	UL34	AGTG	216	31149	31149	31149	62.932662	62.932662	31149	31149	1		1				0	31226	32011	31226	32011	77	216
LT934125.1	+	UL34	ATGG	215	31089	31098	31098	12138.370128	9732.56704	31096	31098	3		10				215	31226	32011	31226	32011	128	0
LT934125.1	+	UL34	ATGG	216	31167	31167	31167	72.903124	72.903124	31167	31167	1		1				0	31226	32011	31226	32011	59	216
LT934125.1	+	UL34	GCGG	215	31093	31098	31098	15232.108317	11363.636364	31096	31098	3		6				215	31226	32011	31226	32011	128	215
LT934125.1	+	UL34	GCTG	215	31093	31098	31098	17790.389916	15662.091735	31096	31098	3		6				215	31226	32011	31226	32011	128	0
LT934125.1	+	UL34	GCTG	216	31146	31151	31150	136.42937	81.857622	31146	31151	6		6				0	31226	32011	31226	32011	76	216
LT934125.1	+	UL34	TACG	215	31090	31098	31098	11357.183419	8517.887564	31096	31098	3		9				215	31226	32011	31226	32011	128	0
LT934125.1	+	UL34	TACG	216	31148	31148	31148	567.859171	567.859171	31148	31148	1		1				0	31226	32011	31226	32011	78	216
LT934125.1	+	UL35	ACCG	229	32020	32038	32038	28249.665965	15248.481094	32036	32038	3		19				229	32066	32377	32066	32377	28	229
LT934125.1	+	UL35	AGTG	229	32029	32040	32038	6859.660163	3209.565765	32036	32038	3		12				229	32066	32377	32066	32377	28	229
LT934125.1	+	UL35	ATGG	229	32030	32038	32038	86645.362753	58529.05797	32036	32038	3		9				229	32066	32377	32066	32377	28	229
LT934125.1	+	UL35	GCGG	229	32032	32034	32034	44970.98646	26837.524178	32032	32034	3		3				229	32066	32377	32066	32377	32	229
LT934125.1	+	UL35	GCTG	229	32007	32038	32038	101203.307047	70179.268193	32036	32038	3		32				229	32066	32377	32066	32377	28	229
LT934125.1	+	UL35	TACG	229	32032	32040	32038	17603.634299	7382.169222	32035	32038	4		9				229	32066	32377	32066	32377	28	229
LT934125.1	+	UL38	ACCG	252	44807	44812	44812	12252.086133	9432.161546	44810	44812	3		6				252	44837	45943	44837	45943	25	252
LT934125.1	+	UL38	AGTG	252	44810	44812	44812	6356.198867	5097.545626	44810	44812	3		3				252	44837	45943	44837	45943	25	252
LT934125.1	+	UL38	ATGG	252	44810	44812	44812	5795.79835	4884.509301	44810	44812	3		3				252	44837	45943	44837	45943	25	252
LT934125.1	+	UL38	GCGG	252	44806	44812	44809	6528.046422	4593.810445	44809	44810	2		7				252	44837	45943	44837	45943	28	252
LT934125.1	+	UL38	GCTG	251	44731	44731	44731	27.285874	27.285874	44731	44731	1		1				0	44837	45943	44837	45943	106	0
LT934125.1	+	UL38	GCTG	252	44806	44812	44812	4966.029086	4038.309367	44810	44812	3		7				252	44837	45943	44837	45943	25	252
LT934125.1	+	UL38	TACG	252	44812	44812	44812	2839.295855	2839.295855	44812	44812	1		1				252	44837	45943	44837	45943	25	252
LT934125.1	+	UL39	ACCG	270	46086	46086	46086	14.405745	14.405745	46086	46086	1		1				0	46274	48646	46274	48646	188	0
LT934125.1	+	UL39	ACCG	271	46170	46170	46170	25.210054	25.210054	46170	46170	1		1				0	46274	48646	46274	48646	104	0
LT934125.1	+	UL39	ACCG	272	46235	46235	46235	1447.777374	1447.777374	46235	46235	1		1				272	46274	48646	46274	48646	39	272
LT934125.1	+	UL39	AGTG	272	46227	46235	46235	9502.83197	9439.899308	46235	46235	1		9				272	46274	48646	46274	48646	39	272
LT934125.1	+	UL39	ATGG	270	46106	46106	46106	48.602083	48.602083	46106	46106	1		1				0	46274	48646	46274	48646	168	0
LT934125.1	+	UL39	ATGG	271	46171	46171	46171	48.602083	48.602083	46171	46171	1		1				0	46274	48646	46274	48646	103	0
LT934125.1	+	UL39	ATGG	272	46234	46234	46234	2673.114543	2673.114543	46234	46234	1		1				272	46274	48646	46274	48646	40	272
LT934125.1	+	UL39	GCGG	272	46234	46234	46234	4835.589942	4835.589942	46234	46234	1		1				272	46274	48646	46274	48646	40	272
LT934125.1	+	UL39	GCTG	271	46151	46151	46151	27.285874	27.285874	46151	46151	1		1				0	46274	48646	46274	48646	123	0
LT934125.1	+	UL39	GCTG	272	46235	46235	46235	1555.294824	1555.294824	46235	46235	1		1				272	46274	48646	46274	48646	39	272
LT934125.1	+	UL39	TACG	272	46235	46235	46235	2839.295855	2839.295855	46235	46235	1		1				272	46274	48646	46274	48646	39	272
LT934125.1	+	UL4	ACCG	726	91408	91412	91408	979.590661	500.599639	91408	91412	5	UL5	5				726	91486	91923	91486	91923	78	726
LT934125.1	+	UL4	AGTG	726	91409	91412	91409	1132.787916	566.393958	91409	91412	4	UL5	4				726	91486	91923	91486	91923	77	726
LT934125.1	+	UL4	ATGG	726	91409	91412	91409	1044.944776	692.579677	91409	91412	4	UL5	4				726	91486	91923	91486	91923	77	726
LT934125.1	+	UL4	GCGG	726	91405	91412	91409	2417.794971	1692.45648	91409	91412	4	UL5	8				726	91486	91923	91486	91923	77	726
LT934125.1	+	UL4	GCTG	726	91404	91412	91409	982.291467	573.003356	91409	91412	4	UL5	9				726	91486	91923	91486	91923	77	0
LT934125.1	+	UL4	GCTG	727	91476	91476	91476	27.285874	27.285874	91476	91476	1		1				0	91486	91923	91486	91923	10	727
LT934125.1	+	UL4	TACG	726	91412	91412	91412	567.859171	567.859171	91412	91412	1	UL5	1				726	91486	91923	91486	91923	74	726
LT934125.1	+	UL40	ACCG	307	48565	48570	48567	1490.994608	1260.502688	48567	48570	4	UL39	6				307	48656	49567	48656	49567	89	307
LT934125.1	+	UL40	AGTG	307	48554	48570	48567	36375.078665	27061.044682	48567	48570	4	UL39	17				307	48656	49567	48656	49567	89	307
LT934125.1	+	UL40	ATGG	307	48563	48570	48563	8481.063413	6925.79677	48563	48570	8	UL39	8				307	48656	49567	48656	49567	93	0
LT934125.1	+	UL40	ATGG	308	48614	48616	48616	85.053644	60.752603	48614	48616	3	UL39	3				0	48656	49567	48656	49567	40	308
LT934125.1	+	UL40	GCGG	307	48565	48570	48567	31189.555125	24419.729207	48567	48570	4	UL39	6				307	48656	49567	48656	49567	89	0
LT934125.1	+	UL40	GCGG	308	48612	48612	48612	241.779497	241.779497	48612	48612	1	UL39	1				0	48656	49567	48656	49567	44	308
LT934125.1	+	UL40	GCTG	307	48559	48570	48567	22292.559142	17790.389915	48567	48570	4	UL39	12				307	48656	49567	48656	49567	89	0
LT934125.1	+	UL40	GCTG	308	48612	48620	48617	245.572866	109.143496	48612	48620	9	UL39	9				0	48656	49567	48656	49567	39	308
LT934125.1	+	UL40	TACG	307	48565	48567	48567	39750.141965	32935.831914	48566	48567	2	UL39	3				307	48656	49567	48656	49567	89	307
LT934125.1	+	UL42	ACCG	338	51148	51152	51148	133.253141	75.630161	51148	51152	5		5				0	51270	52415	51270	52415	122	0
LT934125.1	+	UL42	ACCG	339	51234	51237	51235	7429.76299	4768.301599	51235	51237	3		4				339	51270	52415	51270	52415	35	339
LT934125.1	+	UL42	AGTG	339	51235	51237	51235	15292.636878	9943.360604	51235	51237	3		3				339	51270	52415	51270	52415	35	339
LT934125.1	+	UL42	ATGG	338	51148	51148	51148	36.451562	36.451562	51148	51148	1		1				0	51270	52415	51270	52415	122	0
LT934125.1	+	UL42	ATGG	339	51232	51237	51235	9683.964958	6500.528548	51235	51237	3		6				339	51270	52415	51270	52415	35	339
LT934125.1	+	UL42	GCGG	338	51147	51147	51147	241.779497	241.779497	51147	51147	1		1				0	51270	52415	51270	52415	123	0
LT934125.1	+	UL42	GCGG	339	51233	51235	51235	17408.123791	13056.092843	51233	51235	3		3				339	51270	52415	51270	52415	35	339
LT934125.1	+	UL42	GCTG	338	51148	51150	51148	54.571748	27.285874	51148	51150	3		3				0	51270	52415	51270	52415	122	0
LT934125.1	+	UL42	GCTG	339	51230	51239	51235	6112.035799	3710.878878	51235	51237	3		10				339	51270	52415	51270	52415	35	339
LT934125.1	+	UL42	TACG	339	51235	51237	51235	12492.901761	10221.465077	51235	51237	3		3				339	51270	52415	51270	52415	35	339
LT934125.1	+	UL43	ACCG	356	52382	52382	52382	21.608618	21.608618	52382	52382	1	UL42	1				0	52473	53594	52473	53594	91	0
LT934125.1	+	UL43	ACCG	357	52460	52461	52460	1238.894071	1174.068218	52460	52460	1		2				357	52473	53594	52473	53594	13	357
LT934125.1	+	UL43	AGTG	356	52382	52382	52382	62.932662	62.932662	52382	52382	1	UL42	1				0	52473	53594	52473	53594	91	0
LT934125.1	+	UL43	AGTG	357	52434	52460	52460	7048.458149	3524.229075	52441	52460	20		27				357	52473	53594	52473	53594	13	357
LT934125.1	+	UL43	ATGG	356	52380	52381	52380	60.752603	36.451562	52380	52381	2	UL42	2				0	52473	53594	52473	53594	93	0
LT934125.1	+	UL43	ATGG	357	52435	52461	52460	3645.156195	1676.77185	52444	52460	17		27				357	52473	53594	52473	53594	13	357
LT934125.1	+	UL43	GCGG	357	52440	52460	52460	3868.471953	2176.015474	52444	52460	17		21				357	52473	53594	52473	53594	13	357
LT934125.1	+	UL43	GCTG	356	52381	52390	52381	163.715244	109.143496	52381	52390	10	UL42	10				0	52473	53594	52473	53594	92	0
LT934125.1	+	UL43	GCTG	357	52435	52461	52460	3438.020137	1882.725313	52444	52460	17		27				357	52473	53594	52473	53594	13	357
LT934125.1	+	UL43	TACG	357	52460	52460	52460	6246.45088	6246.45088	52460	52460	1		1				357	52473	53594	52473	53594	13	357
LT934125.1	+	UL44	ACCG	376	53642	53648	53648	14286.897615	11128.438021	53644	53648	5		7				376	53661	55103	53661	55103	13	376
LT934125.1	+	UL44	AGTG	376	53635	53652	53648	1321.585903	1006.922593	53644	53648	5		18				376	53661	55103	53661	55103	13	376
LT934125.1	+	UL44	ATGG	376	53642	53648	53648	9112.890488	8298.805604	53648	53648	1		7				376	53661	55103	53661	55103	13	376
LT934125.1	+	UL44	GCGG	376	53643	53648	53648	3384.912959	3143.133462	53648	53648	1		6				376	53661	55103	53661	55103	13	376
LT934125.1	+	UL44	GCTG	376	53640	53648	53648	7749.188246	7312.61426	53648	53648	1		9				376	53661	55103	53661	55103	13	376
LT934125.1	+	UL44	TACG	376	53644	53648	53648	3975.014197	2271.436684	53644	53648	5		5				376	53661	55103	53661	55103	13	376
LT934125.1	+	UL46	ACCG	113	14044	14051	14046	13822.312338	8081.622951	14046	14048	3	UL47	8				113	14071	16146	14071	16146	25	113
LT934125.1	+	UL46	AGTG	113	14044	14051	14048	16173.694147	14096.9163	14048	14050	3	UL47	8				113	14071	16146	14071	16146	23	113
LT934125.1	+	UL46	ATGG	112	13979	13979	13979	24.301041	24.301041	13979	13979	1	UL47	1				0	14071	16146	14071	16146	92	0
LT934125.1	+	UL46	ATGG	113	14043	14051	14048	7071.603018	5990.20668	14048	14048	1	UL47	9				113	14071	16146	14071	16146	23	113
LT934125.1	+	UL46	GCGG	113	14045	14051	14045	5077.369438	3626.692456	14045	14051	7	UL47	7				113	14071	16146	14071	16146	26	113
LT934125.1	+	UL46	GCTG	113	14044	14051	14048	4611.312724	3410.734263	14045	14050	6	UL47	8				113	14071	16146	14071	16146	23	113
LT934125.1	+	UL46	TACG	113	14047	14048	14047	6814.310051	5110.732538	14047	14048	2	UL47	2				113	14071	16146	14071	16146	24	113
LT934125.1	+	UL47	ACCG	93	11789	11794	11793	76155.971001	55141.590466	11793	11794	2		6				93	11815	14052	11815	14052	22	93
LT934125.1	+	UL47	AGTG	93	11787	11797	11793	9628.697293	4342.353682	11793	11794	2		11				93	11815	14052	11815	14052	22	93
LT934125.1	+	UL47	ATGG	93	11788	11797	11792	28760.282377	22053.194979	11792	11796	5		10				93	11815	14052	11815	14052	23	93
LT934125.1	+	UL47	GCGG	93	11788	11796	11792	12572.533849	8220.502901	11791	11793	3		9				93	11815	14052	11815	14052	23	93
LT934125.1	+	UL47	GCTG	93	11785	11797	11793	32224.617316	18990.968376	11793	11796	4		13				93	11815	14052	11815	14052	22	93
LT934125.1	+	UL47	TACG	93	11793	11796	11793	13628.620103	10789.324248	11793	11794	2		4				93	11815	14052	11815	14052	22	93
LT934125.1	+	UL48	ACCG	78	10426	10433	10428	9561.813251	8204.071784	10428	10432	5		8				78	10473	11714	10473	11714	45	78
LT934125.1	+	UL48	AGTG	78	10431	10435	10431	881.057268	566.393958	10431	10435	5		5				78	10473	11714	10473	11714	42	78
LT934125.1	+	UL48	ATGG	78	10431	10433	10431	1567.417164	1397.309875	10431	10433	3		3				78	10473	11714	10473	11714	42	78
LT934125.1	+	UL48	GCGG	78	10431	10431	10431	241.779497	241.779497	10431	10431	1		1				78	10473	11714	10473	11714	42	78
LT934125.1	+	UL48	GCTG	78	10431	10431	10431	600.28923	600.28923	10431	10431	1		1				78	10473	11714	10473	11714	42	78
LT934125.1	+	UL49	ACCG	64	9592	9592	9592	21.608618	21.608618	9592	9592	1	UL49.5	1				0	9657	10409	9657	10409	65	0
LT934125.1	+	UL49	ACCG	65	9638	9644	9643	26935.141735	24680.64264	9643	9643	1		7				65	9657	10409	9657	10409	14	65
LT934125.1	+	UL49	AGTG	65	9640	9646	9646	19697.923222	16928.886092	9644	9646	3		7				65	9657	10409	9657	10409	11	65
LT934125.1	+	UL49	ATGG	65	9640	9646	9646	18371.587222	16050.837778	9644	9646	3		7				65	9657	10409	9657	10409	11	65
LT934125.1	+	UL49	GCGG	65	9642	9647	9646	13297.87234	9671.179884	9644	9646	3		6				65	9657	10409	9657	10409	11	65
LT934125.1	+	UL49	GCTG	65	9640	9647	9646	20791.836067	18336.107397	9646	9646	1		8				65	9657	10409	9657	10409	11	65
LT934125.1	+	UL49	TACG	65	9639	9646	9646	23850.085179	22146.507666	9646	9646	1		8				65	9657	10409	9657	10409	11	65
LT934125.1	+	UL49.5	ACCG	58	9109	9115	9109	6288.107698	2412.962289	9109	9113	5		7				0	9323	9619	9323	9619	214	0
LT934125.1	+	UL49.5	ACCG	59	9265	9270	9270	12223.274642	10908.75041	9267	9270	4		6				59	9323	9619	9323	9619	53	59
LT934125.1	+	UL49.5	AGTG	58	9110	9112	9112	251.730648	188.797986	9110	9112	3		3				0	9323	9619	9323	9619	211	0
LT934125.1	+	UL49.5	AGTG	59	9267	9270	9270	16677.155443	14474.512272	9269	9270	2		4				59	9323	9619	9323	9619	53	59
LT934125.1	+	UL49.5	ATGG	58	9108	9115	9113	7594.075407	4021.822335	9108	9113	6		8				0	9323	9619	9323	9619	210	0
LT934125.1	+	UL49.5	ATGG	59	9267	9270	9270	11567.295659	9671.814437	9269	9270	2		4				59	9323	9619	9323	9619	53	59
LT934125.1	+	UL49.5	GCGG	58	9108	9113	9108	1692.456479	725.338491	9108	9113	6		6				0	9323	9619	9323	9619	215	0
LT934125.1	+	UL49.5	GCGG	59	9266	9270	9270	21276.595744	17891.682785	9269	9270	2		5				59	9323	9619	9323	9619	53	59
LT934125.1	+	UL49.5	GCTG	58	9109	9115	9113	12906.21845	8704.193839	9109	9113	5		7				0	9323	9619	9323	9619	210	0
LT934125.1	+	UL49.5	GCTG	59	9257	9270	9270	15334.661246	12633.35971	9269	9270	2		14				59	9323	9619	9323	9619	53	59
LT934125.1	+	UL49.5	TACG	58	9109	9115	9112	2271.436684	1135.718342	9109	9115	7		7				0	9323	9619	9323	9619	211	0
LT934125.1	+	UL49.5	TACG	59	9266	9270	9270	19307.211812	16467.915957	9267	9270	4		5				59	9323	9619	9323	9619	53	59
LT934125.1	+	UL5	ACCG	700	88885	88888	88885	460.98384	248.499101	88885	88888	4		4				700	88923	91427	88923	91427	38	700
LT934125.1	+	UL5	AGTG	700	88884	88888	88888	1699.181875	692.259283	88885	88888	4		5				700	88923	91427	88923	91427	35	700
LT934125.1	+	UL5	ATGG	700	88884	88888	88884	886.988008	534.622909	88884	88888	5		5				700	88923	91427	88923	91427	39	700
LT934125.1	+	UL5	GCGG	700	88884	88888	88884	2417.794971	1934.235977	88884	88888	5		5				700	88923	91427	88923	91427	39	700
LT934125.1	+	UL5	GCTG	700	88885	88888	88885	1091.434963	654.860978	88885	88888	4		4				700	88923	91427	88923	91427	38	700
LT934125.1	+	UL5	TACG	700	88885	88886	88885	1135.718342	567.859171	88885	88886	2		2				700	88923	91427	88923	91427	38	700
LT934125.1	+	UL51	ACCG	44	7585	7591	7591	388.955116	237.694793	7585	7591	7		7				44	7729	8439	7729	8439	138	44
LT934125.1	+	UL51	AGTG	44	7587	7591	7591	3964.757709	2706.104468	7588	7591	4		5				44	7729	8439	7729	8439	138	0
LT934125.1	+	UL51	AGTG	45	7698	7698	7698	62.932662	62.932662	7698	7698	1		1				0	7729	8439	7729	8439	31	45
LT934125.1	+	UL51	ATGG	44	7587	7591	7591	692.579677	340.214578	7588	7591	4		5				44	7729	8439	7729	8439	138	44
LT934125.1	+	UL51	GCGG	44	7587	7591	7591	3384.912959	1692.45648	7587	7591	5		5				44	7729	8439	7729	8439	138	44
LT934125.1	+	UL51	GCTG	44	7588	7591	7591	900.433845	654.860978	7588	7591	4		4				44	7729	8439	7729	8439	138	44
LT934125.1	+	UL9	AGTG	659	81481	81481	81481	62.932662	62.932662	81481	81481	1		1				659	81550	84090	81550	84090	69	659
LT934125.1	+	UL9	ATGG	658	81409	81409	81409	24.301041	24.301041	81409	81409	1		1				658	81550	84090	81550	84090	141	658
LT934125.1	+	UL9	GCTG	657	81317	81317	81317	27.285874	27.285874	81317	81317	1		1				0	81550	84090	81550	84090	233	0
LT934125.1	+	UL9	GCTG	659	81480	81481	81480	54.571748	27.285874	81480	81481	2		2				659	81550	84090	81550	84090	70	659
LT934125.1	+	US1	ACCG	887	115701	115701	115701	14.405745	14.405745	115701	115701	1		1				887	115740	116831	115740	116831	39	887
LT934125.1	+	US1	AGTG	887	115725	115725	115725	125.865324	125.865324	115725	115725	1		1				887	115740	116831	115740	116831	15	887
LT934125.1	+	US1	GCTG	886	115551	115551	115551	27.285874	27.285874	115551	115551	1		1				0	115740	116831	115740	116831	189	0
LT934125.1	+	US1	GCTG	887	115725	115725	115725	81.857622	81.857622	115725	115725	1		1				887	115740	116831	115740	116831	15	887
LT934125.1	+	US1	TACG	887	115724	115724	115724	567.859171	567.859171	115724	115724	1		1				887	115740	116831	115740	116831	16	887
LT934125.1	+	US2	ACCG	1017	125107	125107	125107	18.007181	18.007181	125107	125107	1		1				0	125308	126078	125308	126078	201	0
LT934125.1	+	US2	ACCG	1018	125153	125155	125153	255.701974	140.456014	125153	125154	2		3				0	125308	126078	125308	126078	155	0
LT934125.1	+	US2	ACCG	1019	125221	125227	125225	1998.797121	1253.299816	125223	125225	3		7				1019	125308	126078	125308	126078	83	1019
LT934125.1	+	US2	AGTG	1018	125142	125142	125142	62.932662	62.932662	125142	125142	1		1				0	125308	126078	125308	126078	166	0
LT934125.1	+	US2	AGTG	1019	125222	125225	125225	5223.41095	3650.094399	125223	125225	3		4				1019	125308	126078	125308	126078	83	0
LT934125.1	+	US2	AGTG	1020	125270	125270	125270	62.932662	62.932662	125270	125270	1		1				0	125308	126078	125308	126078	38	1020
LT934125.1	+	US2	ATGG	1017	125106	125106	125106	24.301041	24.301041	125106	125106	1		1				0	125308	126078	125308	126078	202	0
LT934125.1	+	US2	ATGG	1018	125152	125152	125152	48.602083	48.602083	125152	125152	1		1				0	125308	126078	125308	126078	156	0
LT934125.1	+	US2	ATGG	1019	125221	125227	125225	3851.715046	2284.297882	125223	125225	3		7				1019	125308	126078	125308	126078	83	1019
LT934125.1	+	US2	GCGG	1018	125152	125152	125152	241.779497	241.779497	125152	125152	1		1				0	125308	126078	125308	126078	156	0
LT934125.1	+	US2	GCGG	1019	125219	125227	125225	6286.266925	4110.251451	125219	125225	7		9				1019	125308	126078	125308	126078	83	1019
LT934125.1	+	US2	GCTG	1017	125099	125099	125099	27.285874	27.285874	125099	125099	1		1				0	125308	126078	125308	126078	209	0
LT934125.1	+	US2	GCTG	1018	125153	125154	125153	327.43049	191.001119	125153	125154	2		2				0	125308	126078	125308	126078	155	0
LT934125.1	+	US2	GCTG	1019	125221	125227	125225	8676.907963	5157.030205	125223	125225	3		7				1019	125308	126078	125308	126078	83	1019
LT934125.1	+	US2	TACG	1018	125154	125154	125154	567.859171	567.859171	125154	125154	1		1				0	125308	126078	125308	126078	154	0
LT934125.1	+	US2	TACG	1019	125223	125227	125225	7950.028393	6246.45088	125223	125225	3		5				1019	125308	126078	125308	126078	83	0
LT934125.1	+	US2	TACG	1020	125280	125280	125280	567.859171	567.859171	125280	125280	1		1				0	125308	126078	125308	126078	28	1020
LT934125.1	+	US3	ACCG	916	117603	117607	117607	763.504485	597.838418	117605	117607	3		5				0	117833	118837	117833	118837	226	0
LT934125.1	+	US3	ACCG	918	117768	117769	117769	860.743265	734.692996	117768	117769	2		2				918	117833	118837	117833	118837	64	918
LT934125.1	+	US3	AGTG	916	117603	117607	117607	188.797986	125.865324	117603	117607	5		5				0	117833	118837	117833	118837	226	0
LT934125.1	+	US3	AGTG	918	117768	117769	117769	6293.266205	4908.74764	117768	117769	2		2				918	117833	118837	117833	118837	64	918
LT934125.1	+	US3	ATGG	916	117603	117608	117607	899.138529	668.278636	117605	117607	3		6				0	117833	118837	117833	118837	226	0
LT934125.1	+	US3	ATGG	918	117768	117770	117769	2004.835908	1530.965602	117768	117769	2		3				918	117833	118837	117833	118837	64	918
LT934125.1	+	US3	GCGG	916	117601	117607	117607	1450.676982	725.338491	117601	117607	7		7				0	117833	118837	117833	118837	226	0
LT934125.1	+	US3	GCGG	918	117768	117769	117769	6044.487427	5319.148936	117768	117769	2		2				918	117833	118837	117833	118837	64	918
LT934125.1	+	US3	GCTG	916	117603	117603	117603	982.291468	982.291468	117603	117603	1		1				916	117833	118837	117833	118837	230	0
LT934125.1	+	US3	GCTG	917	117673	117673	117673	27.285874	27.285874	117673	117673	1		1				0	117833	118837	117833	118837	160	0
LT934125.1	+	US3	GCTG	918	117766	117768	117766	845.862097	545.717482	117766	117768	3		3				0	117833	118837	117833	118837	67	918
LT934125.1	+	US3	TACG	916	117607	117607	117607	567.859171	567.859171	117607	117607	1		1				0	117833	118837	117833	118837	226	0
LT934125.1	+	US3	TACG	918	117768	117770	117769	3407.155026	2271.436684	117768	117770	3		3				918	117833	118837	117833	118837	64	918
LT934125.1	+	US4	ACCG	932	118860	118864	118864	41189.626424	30972.351774	118861	118864	4		5				932	118897	120396	118897	120396	33	932
LT934125.1	+	US4	AGTG	932	118853	118864	118864	55821.271239	41409.69163	118861	118864	4		12				932	118897	120396	118897	120396	33	932
LT934125.1	+	US4	ATGG	932	118860	118864	118864	46524.343569	32138.127119	118860	118864	5		5				932	118897	120396	118897	120396	33	932
LT934125.1	+	US4	GCGG	932	118860	118866	118864	79787.234042	56334.622824	118860	118864	5		7				932	118897	120396	118897	120396	33	932
LT934125.1	+	US4	GCTG	932	118858	118864	118864	52088.733662	36617.643046	118861	118864	4		7				932	118897	120396	118897	120396	33	932
LT934125.1	+	US4	TACG	932	118858	118866	118864	54514.480409	36342.986939	118858	118864	7		9				932	118897	120396	118897	120396	33	932
LT934125.1	+	US6	ACCG	962	120552	120557	120552	8023.999971	5787.508058	120552	120557	6		6				962	120576	121778	120576	121778	24	962
LT934125.1	+	US6	AGTG	961	120476	120476	120476	62.932662	62.932662	120476	120476	1		1				0	120576	121778	120576	121778	100	0
LT934125.1	+	US6	AGTG	962	120554	120557	120555	3775.959723	2517.306482	120555	120557	3		4				962	120576	121778	120576	121778	21	962
LT934125.1	+	US6	ATGG	962	120554	120557	120555	5710.744705	4337.735872	120555	120557	3		4				962	120576	121778	120576	121778	21	962
LT934125.1	+	US6	GCGG	962	120554	120565	120555	6769.825918	3384.912959	120555	120557	3		12				962	120576	121778	120576	121778	21	962
LT934125.1	+	US6	GCTG	962	120554	120557	120555	3438.020137	2674.015662	120555	120557	3		4				962	120576	121778	120576	121778	21	962
LT934125.1	+	US6	TACG	962	120555	120557	120555	3975.014197	2271.436684	120555	120557	3		3				962	120576	121778	120576	121778	21	962
LT934125.1	+	US7	ACCG	974	121710	121717	121710	158.463195	57.62298	121710	121717	8	US6	8				0	121799	122896	121799	122896	89	0
LT934125.1	+	US7	ACCG	975	121782	121786	121784	10869.134611	5917.159763	121784	121786	3		5				975	121799	122896	121799	122896	15	975
LT934125.1	+	US7	AGTG	974	121710	121716	121715	440.528634	125.865324	121710	121716	7	US6	7				0	121799	122896	121799	122896	84	0
LT934125.1	+	US7	AGTG	975	121784	121786	121784	11076.148522	5538.074261	121784	121786	3		3				975	121799	122896	121799	122896	15	975
LT934125.1	+	US7	ATGG	974	121709	121716	121715	109.354685	60.752603	121709	121716	8	US6	8				0	121799	122896	121799	122896	84	0
LT934125.1	+	US7	ATGG	975	121784	121786	121784	6779.990522	3535.801509	121784	121786	3		3				975	121799	122896	121799	122896	15	975
LT934125.1	+	US7	GCGG	975	121783	121784	121784	9912.959381	6769.825919	121783	121784	2		2				975	121799	122896	121799	122896	15	975
LT934125.1	+	US7	GCTG	974	121707	121716	121710	272.85874	81.857622	121707	121716	10	US6	10				0	121799	122896	121799	122896	89	0
LT934125.1	+	US7	GCTG	975	121784	121786	121784	4202.024612	2455.728669	121784	121786	3		3				975	121799	122896	121799	122896	15	975
LT934125.1	+	US7	TACG	974	121710	121716	121710	1703.577513	1135.718342	121710	121716	7	US6	7				0	121799	122896	121799	122896	89	0
LT934125.1	+	US7	TACG	975	121784	121786	121784	10789.324247	6246.45088	121784	121786	3		3				975	121799	122896	121799	122896	15	975
LT934125.1	+	US8	ACCG	990	122922	122922	122922	90.035906	90.035906	122922	122922	1		1				0	123000	124730	123000	124730	78	0
LT934125.1	+	US8	ACCG	991	122978	122983	122979	2755.098733	1829.529616	122979	122981	3		6				991	123000	124730	123000	124730	21	991
LT934125.1	+	US8	AGTG	990	122920	122923	122920	503.461296	314.66331	122920	122923	4		4				0	123000	124730	123000	124730	80	0
LT934125.1	+	US8	AGTG	991	122973	122981	122979	9943.360605	7300.188798	122979	122981	3		9				991	123000	124730	123000	124730	21	991
LT934125.1	+	US8	ATGG	990	122919	122919	122919	133.655727	133.655727	122919	122919	1		1				0	123000	124730	123000	124730	81	0
LT934125.1	+	US8	ATGG	991	122977	122983	122979	4131.177021	2527.308295	122979	122981	3		7				991	123000	124730	123000	124730	21	991
LT934125.1	+	US8	GCGG	991	122979	122988	122979	6286.266924	4352.030948	122979	122983	5		10				991	123000	124730	123000	124730	21	991
LT934125.1	+	US8	GCTG	990	122922	122927	122922	81.857622	54.571748	122922	122927	6		6				0	123000	124730	123000	124730	78	0
LT934125.1	+	US8	GCTG	991	122976	122983	122976	3001.446151	1582.580698	122976	122981	6		8				991	123000	124730	123000	124730	24	991
LT934125.1	+	US8	TACG	991	122978	122981	122979	5678.591709	3975.014196	122978	122981	4		4				991	123000	124730	123000	124730	21	991
LT934125.1	+	US9	ACCG	1013	124751	124756	124756	6867.938934	6788.707336	124756	124756	1		6				1013	124788	125084	124788	125084	32	1013
LT934125.1	+	US9	AGTG	1013	124756	124756	124756	3146.633103	3146.633103	124756	124756	1		1				1013	124788	125084	124788	125084	32	1013
LT934125.1	+	US9	ATGG	1012	124692	124692	124692	72.903124	72.903124	124692	124692	1	US8	1				0	124788	125084	124788	125084	96	0
LT934125.1	+	US9	ATGG	1013	124754	124756	124756	7423.968117	7399.667076	124756	124756	1		3				1013	124788	125084	124788	125084	32	1013
LT934125.1	+	US9	GCGG	1013	124753	124753	124753	4835.589942	4835.589942	124753	124753	1		1				1013	124788	125084	124788	125084	35	1013
LT934125.1	+	US9	GCTG	1013	124754	124756	124756	4011.023493	3956.451745	124756	124756	1		3				1013	124788	125084	124788	125084	32	1013
LT934125.1	+	US9	TACG	1013	124756	124756	124756	2271.436684	2271.436684	124756	124756	1		1				1013	124788	125084	124788	125084	32	1013
LT934125.1	-	AZURE	AGTG	2031	118809	118809	118809	62.932662	62.932662	118809	118809	1		1				2031	117251	118739	118739	117251	-70	2031
LT934125.1	-	AZURE	GCTG	2031	118809	118809	118809	27.285874	27.285874	118809	118809	1		1				2031	117251	118739	118739	117251	-70	2031
LT934125.1	-	AZURE	GCTG	2032	118882	118882	118882	27.285874	27.285874	118882	118882	1		1				2032	117251	118739	118739	117251	-143	0
LT934125.1	-	AZURE	GCTG	2033	118964	118964	118964	27.285874	27.285874	118964	118964	1		1				2033	117251	118739	118739	117251	-225	0
LT934125.1	-	CTO-L	ACCG	1655	65749	65752	65752	2917.163364	1897.956905	65750	65752	3	UL21	4				1655	63164	65752	65752	63164	0	1655
LT934125.1	-	CTO-L	ACCG	1656	65883	65883	65883	32.412926	32.412926	65883	65883	1		1				0	63164	65752	65752	63164	-131	0
LT934125.1	-	CTO-L	AGTG	1655	65747	65752	65752	1699.181875	881.057269	65749	65752	4	UL21	6				1655	63164	65752	65752	63164	0	1655
LT934125.1	-	CTO-L	AGTG	1656	65886	65886	65886	62.932662	62.932662	65886	65886	1		1				0	63164	65752	65752	63164	-134	0
LT934125.1	-	CTO-L	ATGG	1655	65748	65752	65752	5382.680648	3061.931204	65749	65752	4	UL21	5				1655	63164	65752	65752	63164	0	1655
LT934125.1	-	CTO-L	ATGG	1656	65883	65884	65883	85.053645	48.602083	65883	65884	2		2				0	63164	65752	65752	63164	-131	0
LT934125.1	-	CTO-L	GCGG	1655	65746	65752	65752	5560.928432	3143.133462	65748	65752	5	UL21	7				1655	63164	65752	65752	63164	0	1655
LT934125.1	-	CTO-L	GCTG	1655	65747	65756	65756	3465.30601	1937.297061	65748	65756	9		10				1655	63164	65752	65752	63164	-4	1655
LT934125.1	-	CTO-L	GCTG	1656	65883	65886	65883	136.42937	109.143496	65883	65886	4		4				0	63164	65752	65752	63164	-131	0
LT934125.1	-	CTO-L	TACG	1655	65752	65752	65752	2271.436684	2271.436684	65752	65752	1	UL21	1				1655	63164	65752	65752	63164	0	1655
LT934125.1	-	CTO-M	ACCG	1637	64179	64179	64179	14.405745	14.405745	64179	64179	1	UL21	1				1637	63164	64127	64127	63164	-52	1637
LT934125.1	-	CTO-M	AGTG	1637	64180	64180	64180	62.932662	62.932662	64180	64180	1	UL21	1				1637	63164	64127	64127	63164	-53	1637
LT934125.1	-	CTO-M	AGTG	1638	64220	64220	64220	62.932662	62.932662	64220	64220	1	UL21	1				1638	63164	64127	64127	63164	-93	0
LT934125.1	-	CTO-S	ACCG	1629	63420	63438	63420	274868.817685	245290.22174	63420	63421	2	UL21	19				1629	63164	63420	63420	63164	0	1629
LT934125.1	-	CTO-S	ACCG	1630	63488	63488	63488	21.608618	21.608618	63488	63488	1	UL21	1				0	63164	63420	63420	63164	-68	0
LT934125.1	-	CTO-S	AGTG	1629	63420	63423	63420	88609.188168	88168.659534	63420	63420	1	UL21	4				1629	63164	63420	63420	63164	0	1629
LT934125.1	-	CTO-S	AGTG	1630	63508	63508	63508	62.932662	62.932662	63508	63508	1	UL21	1				0	63164	63420	63420	63164	-88	0
LT934125.1	-	CTO-S	ATGG	1629	63417	63438	63420	241600.9526	201929.502679	63420	63420	1	UL21	22				1629	63164	63420	63420	63164	0	1629
LT934125.1	-	CTO-S	GCGG	1629	63420	63424	63420	134187.620889	126208.897485	63420	63420	1	UL21	5				1629	63164	63420	63420	63164	0	1629
LT934125.1	-	CTO-S	GCGG	1630	63488	63488	63488	241.779497	241.779497	63488	63488	1	UL21	1				0	63164	63420	63420	63164	-68	0
LT934125.1	-	CTO-S	GCTG	1629	63417	63425	63420	84258.779229	71407.132527	63420	63420	1	UL21	9				1629	63164	63420	63420	63164	0	1629
LT934125.1	-	CTO-S	GCTG	1630	63500	63500	63500	27.285874	27.285874	63500	63500	1	UL21	1				0	63164	63420	63420	63164	-80	0
LT934125.1	-	CTO-S	TACG	1629	63420	63423	63420	70414.537194	65871.663827	63420	63420	1	UL21	4				1629	63164	63420	63420	63164	0	1629
LT934125.1	-	Ep0	ACCG	1874	97361	97362	97361	504.201076	478.991022	97361	97361	1		2				1874	96114	97346	97346	96114	-15	1874
LT934125.1	-	Ep0	GCTG	1874	97361	97368	97361	1910.011187	1773.581817	97361	97361	1		8				1874	96114	97346	97346	96114	-15	1874
LT934125.1	-	IE180	ACCG	1946	107366	107380	107369	601.439854	432.17235	107369	107373	5		15				1946	102945	107297	107297	102945	-72	1946
LT934125.1	-	IE180	ACCG	1948	107462	107462	107462	14.405745	14.405745	107462	107462	1		1				0	102945	107297	107297	102945	-165	0
LT934125.1	-	IE180	AGTG	1946	107366	107382	107369	6607.929514	4908.74764	107369	107378	10		17				1946	102945	107297	107297	102945	-72	1946
LT934125.1	-	IE180	ATGG	1946	107366	107382	107369	1057.095296	704.730198	107368	107372	5		17				1946	102945	107297	107297	102945	-72	1946
LT934125.1	-	IE180	ATGG	1948	107461	107461	107461	36.451562	36.451562	107461	107461	1		1				0	102945	107297	107297	102945	-164	0
LT934125.1	-	IE180	GCGG	1946	107368	107372	107369	2659.574468	1934.235977	107368	107369	2		5				1946	102945	107297	107297	102945	-72	1946
LT934125.1	-	IE180	GCGG	1948	107461	107461	107461	241.779497	241.779497	107461	107461	1		1				0	102945	107297	107297	102945	-164	0
LT934125.1	-	IE180	GCTG	1946	107369	107375	107372	873.147971	682.146853	107370	107372	3		7				1946	102945	107297	107297	102945	-75	1946
LT934125.1	-	IE180	GCTG	1947	107425	107425	107425	27.285874	27.285874	107425	107425	1		1				0	102945	107297	107297	102945	-128	0
LT934125.1	-	IE180	TACG	1946	107365	107365	107365	567.859171	567.859171	107365	107365	1		1				1946	102945	107297	107297	102945	-68	1946
LT934125.1	-	NOIR_2	ACCG	2156	136235	136244	136235	7739.486507	7710.675017	136235	136235	1	NOIR_2	10				2156	134888	136235	136235	134888	0	2156
LT934125.1	-	NOIR_2	ACCG	2157	136284	136299	136285	194.477558	50.420108	136285	136297	13		16				0	134888	136235	136235	134888	-50	0
LT934125.1	-	NOIR_2	ACCG	2159	136407	136407	136407	21.608618	21.608618	136407	136407	1		1				0	134888	136235	136235	134888	-172	0
LT934125.1	-	NOIR_2	AGTG	2156	136235	136238	136235	16740.088106	16677.155444	136235	136235	1	NOIR_2	4				2156	134888	136235	136235	134888	0	2156
LT934125.1	-	NOIR_2	AGTG	2157	136283	136297	136295	629.32662	251.730648	136284	136295	12		15				0	134888	136235	136235	134888	-60	0
LT934125.1	-	NOIR_2	ATGG	2156	136235	136238	136235	12587.939393	12551.487831	136235	136235	1	NOIR_2	4				2156	134888	136235	136235	134888	0	2156
LT934125.1	-	NOIR_2	ATGG	2157	136285	136297	136297	340.214577	121.505206	136285	136297	13		13				0	134888	136235	136235	134888	-62	0
LT934125.1	-	NOIR_2	ATGG	2159	136408	136408	136408	36.451562	36.451562	136408	136408	1		1				0	134888	136235	136235	134888	-173	0
LT934125.1	-	NOIR_2	GCGG	2156	136231	136235	136235	8704.061895	7736.943907	136234	136235	2	NOIR_2	5				2156	134888	136235	136235	134888	0	2156
LT934125.1	-	NOIR_2	GCGG	2157	136295	136297	136295	483.558994	241.779497	136295	136297	3		3				0	134888	136235	136235	134888	-60	0
LT934125.1	-	NOIR_2	GCTG	2156	136235	136244	136235	8731.479712	8595.050342	136235	136235	1	NOIR_2	10				2156	134888	136235	136235	134888	0	2156
LT934125.1	-	NOIR_2	GCTG	2157	136285	136297	136285	272.85874	109.143496	136285	136297	13		13				0	134888	136235	136235	134888	-50	0
LT934125.1	-	NOIR_2	GCTG	2158	136352	136354	136352	54.571748	27.285874	136352	136354	3		3				0	134888	136235	136235	134888	-117	0
LT934125.1	-	NOIR_2	GCTG	2159	136407	136407	136407	27.285874	27.285874	136407	136407	1		1				0	134888	136235	136235	134888	-172	0
LT934125.1	-	NOIR_2	GCTG	2160	136474	136474	136474	27.285874	27.285874	136474	136474	1		1				0	134888	136235	136235	134888	-239	0
LT934125.1	-	NOIR_2	TACG	2156	136232	136235	136235	4542.873367	3975.014196	136232	136235	4	NOIR_2	4				2156	134888	136235	136235	134888	0	2156
LT934125.1	-	NOIR_2	TACG	2157	136291	136291	136291	567.859171	567.859171	136291	136291	1		1				0	134888	136235	136235	134888	-56	0
LT934125.1	-	UL1	ACCG	1842	94943	94950	94946	6208.8761	3342.132843	94946	94947	2		8				1842	94461	94931	94931	94461	-15	1842
LT934125.1	-	UL1	AGTG	1842	94945	94948	94946	12334.801762	5349.276274	94946	94948	3		4				1842	94461	94931	94931	94461	-15	1842
LT934125.1	-	UL1	AGTG	1843	95006	95006	95006	62.932662	62.932662	95006	95006	1		1				0	94461	94931	94931	94461	-75	0
LT934125.1	-	UL1	AGTG	1844	95155	95155	95155	62.932662	62.932662	95155	95155	1		1				0	94461	94931	94931	94461	-224	0
LT934125.1	-	UL1	ATGG	1842	94947	94950	94947	11008.371709	10510.200362	94947	94947	1		4				1842	94461	94931	94931	94461	-16	1842
LT934125.1	-	UL1	GCGG	1842	94947	94950	94947	16924.564797	14506.769826	94947	94948	2		4				1842	94461	94931	94931	94461	-16	1842
LT934125.1	-	UL1	GCGG	1843	95018	95018	95018	241.779497	241.779497	95018	95018	1		1				0	94461	94931	94931	94461	-87	0
LT934125.1	-	UL1	GCTG	1842	94943	94950	94946	9659.199431	4311.168108	94945	94947	3		8				1842	94461	94931	94931	94461	-15	1842
LT934125.1	-	UL1	GCTG	1843	95006	95006	95006	81.857622	81.857622	95006	95006	1		1				0	94461	94931	94931	94461	-75	0
LT934125.1	-	UL1	GCTG	1844	95145	95145	95145	27.285874	27.285874	95145	95145	1		1				0	94461	94931	94931	94461	-214	0
LT934125.1	-	UL1	TACG	1842	94943	94948	94946	16467.915957	7950.028393	94946	94948	3		6				1842	94461	94931	94931	94461	-15	1842
LT934125.1	-	UL1	TACG	1843	95022	95022	95022	567.859171	567.859171	95022	95022	1		1				0	94461	94931	94931	94461	-91	0
LT934125.1	-	UL10	ACCG	1740	81565	81565	81565	79.231598	79.231598	81565	81565	1		1				1740	80370	81551	81551	80370	-14	1740
LT934125.1	-	UL10	ACCG	1741	81608	81608	81608	14.405745	14.405745	81608	81608	1		1				0	80370	81551	81551	80370	-57	0
LT934125.1	-	UL10	ACCG	1742	81708	81708	81708	61.224416	61.224416	81708	81708	1		1				0	80370	81551	81551	80370	-157	0
LT934125.1	-	UL10	AGTG	1740	81576	81576	81576	62.932662	62.932662	81576	81576	1		1				0	80370	81551	81551	80370	-25	1740
LT934125.1	-	UL10	AGTG	1742	81689	81689	81689	125.865324	125.865324	81689	81689	1		1				1742	80370	81551	81551	80370	-138	0
LT934125.1	-	UL10	ATGG	1740	81563	81563	81563	121.505206	121.505206	81563	81563	1		1				1740	80370	81551	81551	80370	-12	1740
LT934125.1	-	UL10	ATGG	1742	81687	81687	81687	97.204165	97.204165	81687	81687	1		1				0	80370	81551	81551	80370	-136	0
LT934125.1	-	UL10	GCGG	1742	81687	81687	81687	483.558994	483.558994	81687	81687	1		1				1742	80370	81551	81551	80370	-136	1742
LT934125.1	-	UL10	GCTG	1741	81608	81609	81608	109.143496	81.857622	81608	81609	2		2				0	80370	81551	81551	80370	-57	1741
LT934125.1	-	UL10	GCTG	1742	81686	81686	81686	163.715245	163.715245	81686	81686	1		1				1742	80370	81551	81551	80370	-135	0
LT934125.1	-	UL10	TACG	1742	81686	81686	81686	567.859171	567.859171	81686	81686	1		1				1742	80370	81551	81551	80370	-135	1742
LT934125.1	-	UL15	ACCG	1712	76860	76863	76860	97.238779	54.021544	76860	76863	4		4				1712	71647	76754	76754	71647	-106	1712
LT934125.1	-	UL15	AGTG	1712	76860	76869	76863	818.124606	440.528634	76860	76863	4		10				1712	71647	76754	76754	71647	-109	1712
LT934125.1	-	UL15	ATGG	1712	76860	76867	76863	182.25781	109.354686	76860	76867	8		8				1712	71647	76754	76754	71647	-109	1712
LT934125.1	-	UL15	GCGG	1712	76860	76863	76863	1450.676982	725.338491	76860	76863	4		4				1712	71647	76754	76754	71647	-109	1712
LT934125.1	-	UL15	GCTG	1712	76860	76870	76863	409.288111	245.572867	76862	76869	8		11				1712	71647	76754	76754	71647	-109	1712
LT934125.1	-	UL15	TACG	1712	76863	76863	76863	567.859171	567.859171	76863	76863	1		1				1712	71647	76754	76754	71647	-109	1712
LT934125.1	-	UL2	ACCG	1837	94526	94530	94526	731.091561	565.425492	94526	94530	5	UL1	5				1837	93521	94483	94483	93521	-43	1837
LT934125.1	-	UL2	AGTG	1837	94526	94529	94526	3335.431089	2013.845186	94526	94529	4	UL1	4				1837	93521	94483	94483	93521	-43	1837
LT934125.1	-	UL2	ATGG	1837	94526	94529	94526	668.278635	340.214578	94526	94529	4	UL1	4				1837	93521	94483	94483	93521	-43	1837
LT934125.1	-	UL2	GCGG	1837	94526	94530	94526	2176.015474	1934.235977	94526	94530	5	UL1	5				1837	93521	94483	94483	93521	-43	1837
LT934125.1	-	UL2	GCTG	1837	94526	94533	94526	1446.151328	927.71972	94526	94529	4	UL1	8				1837	93521	94483	94483	93521	-43	1837
LT934125.1	-	UL2	TACG	1837	94526	94528	94526	1135.718342	567.859171	94526	94528	3	UL1	3				1837	93521	94483	94483	93521	-43	1837
LT934125.1	-	UL24	ACCG	1614	59277	59282	59277	2290.513458	2150.057443	59277	59277	1		6				1614	58648	59163	59163	58648	-114	1614
LT934125.1	-	UL24	AGTG	1614	59277	59281	59277	2580.239144	2139.71051	59277	59279	3		5				1614	58648	59163	59163	58648	-114	1614
LT934125.1	-	UL24	ATGG	1614	59276	59279	59277	2369.351527	2126.341114	59277	59277	1		4				1614	58648	59163	59163	58648	-114	1614
LT934125.1	-	UL24	GCGG	1614	59276	59277	59277	4835.589942	4110.251451	59276	59277	2		2				1614	58648	59163	59163	58648	-114	1614
LT934125.1	-	UL24	GCTG	1614	59276	59281	59277	4665.884472	3874.594123	59277	59277	1		6				1614	58648	59163	59163	58648	-114	1614
LT934125.1	-	UL24	TACG	1614	59276	59279	59276	2271.436684	1135.718342	59276	59279	4		4				1614	58648	59163	59163	58648	-113	1614
LT934125.1	-	UL25	ACCG	1607	58568	58574	58572	1375.748649	424.969478	58571	58574	4		7				1607	56951	58555	58555	56951	-17	1607
LT934125.1	-	UL25	AGTG	1607	58571	58574	58571	314.66331	125.865324	58571	58574	4		4				1607	56951	58555	58555	56951	-16	1607
LT934125.1	-	UL25	ATGG	1607	58570	58575	58570	303.763017	145.806248	58570	58575	6		6				1607	56951	58555	58555	56951	-15	1607
LT934125.1	-	UL25	GCGG	1607	58571	58571	58571	241.779497	241.779497	58571	58571	1		1				1607	56951	58555	58555	56951	-16	1607
LT934125.1	-	UL25	GCTG	1607	58570	58572	58570	218.286993	136.429371	58570	58572	3		3				1607	56951	58555	58555	56951	-15	1607
LT934125.1	-	UL26	ACCG	1589	56944	56950	56949	2611.041283	1905.159778	56944	56949	6		7				1589	55343	56917	56917	55343	-32	1589
LT934125.1	-	UL26	AGTG	1589	56944	56950	56946	943.989931	629.326621	56944	56946	3		7				1589	55343	56917	56917	55343	-29	1589
LT934125.1	-	UL26	ATGG	1589	56944	56948	56946	2053.43799	1397.309875	56944	56947	4		5				1589	55343	56917	56917	55343	-29	1589
LT934125.1	-	UL26	GCGG	1589	56946	56947	56946	5319.148936	4110.251451	56946	56947	2		2				1589	55343	56917	56917	55343	-29	1589
LT934125.1	-	UL26	GCGG	1590	56994	56994	56994	241.779497	241.779497	56994	56994	1	UL25	1				0	55343	56917	56917	55343	-77	0
LT934125.1	-	UL26	GCTG	1589	56944	56947	56946	1418.865454	982.291468	56944	56946	3		4				1589	55343	56917	56917	55343	-29	1589
LT934125.1	-	UL26	TACG	1589	56946	56946	56946	3975.014196	3975.014196	56946	56946	1		1				1589	55343	56917	56917	55343	-29	1589
LT934125.1	-	UL26.5	ACCG	1577	56189	56193	56190	28210.050167	11301.306961	56190	56192	3	UL26	5				1577	55343	56179	56179	55343	-11	1577
LT934125.1	-	UL26.5	AGTG	1577	56188	56194	56190	29515.418502	12586.53241	56188	56192	5	UL26	7				1577	55343	56179	56179	55343	-11	1577
LT934125.1	-	UL26.5	ATGG	1577	56188	56194	56188	24762.761084	13863.744061	56188	56193	6	UL26	7				1577	55343	56179	56179	55343	-9	1577
LT934125.1	-	UL26.5	GCGG	1577	56188	56195	56188	37959.381044	15473.887814	56188	56193	6	UL26	8				1577	55343	56179	56179	55343	-9	1577
LT934125.1	-	UL26.5	GCTG	1577	56188	56193	56188	24338.999701	17162.814811	56188	56190	3	UL26	6				1577	55343	56179	56179	55343	-9	1577
LT934125.1	-	UL26.5	TACG	1577	56188	56192	56188	36910.846109	21010.789324	56188	56192	5	UL26	5				1577	55343	56179	56179	55343	-9	1577
LT934125.1	-	UL27	ACCG	1290	19380	19380	19380	25.210054	25.210054	19380	19380	1	UL28	1				0	16625	19375	19375	16625	-5	1290
LT934125.1	-	UL27	ACCG	1292	19470	19474	19471	46386.498936	29304.886789	19471	19473	3	UL28	5				1292	16625	19375	19375	16625	-96	0
LT934125.1	-	UL27	AGTG	1291	19428	19428	19428	62.932662	62.932662	19428	19428	1	UL28	1				0	16625	19375	19375	16625	-53	1291
LT934125.1	-	UL27	AGTG	1292	19470	19485	19471	22089.36438	14852.108244	19471	19476	6	UL28	16				1292	16625	19375	19375	16625	-96	0
LT934125.1	-	UL27	ATGG	1290	19381	19381	19381	36.451562	36.451562	19381	19381	1	UL28	1				0	16625	19375	19375	16625	-6	1290
LT934125.1	-	UL27	ATGG	1291	19423	19423	19423	97.204165	97.204165	19423	19423	1	UL28	1				0	16625	19375	19375	16625	-48	0
LT934125.1	-	UL27	ATGG	1292	19470	19474	19474	18578.146073	10984.070667	19473	19474	2	UL28	5				1292	16625	19375	19375	16625	-99	0
LT934125.1	-	UL27	GCGG	1290	19381	19381	19381	241.779497	241.779497	19381	19381	1	UL28	1				0	16625	19375	19375	16625	-6	1290
LT934125.1	-	UL27	GCGG	1292	19470	19473	19471	16441.005802	9187.62089	19471	19473	3	UL28	4				1292	16625	19375	19375	16625	-96	0
LT934125.1	-	UL27	GCTG	1292	19470	19480	19471	18663.537887	11405.495375	19471	19473	3	UL28	11				1292	16625	19375	19375	16625	-96	1292
LT934125.1	-	UL27	TACG	1292	19470	19473	19471	18171.49347	10789.324248	19471	19473	3	UL28	4				1292	16625	19375	19375	16625	-96	1292
LT934125.1	-	UL28	ACCG	1304	21471	21473	21473	111.644524	93.637343	21471	21473	3		3				1304	19246	21402	21402	19246	-71	1304
LT934125.1	-	UL28	AGTG	1304	21473	21477	21473	251.730648	188.797986	21473	21477	5		5				1304	19246	21402	21402	19246	-71	1304
LT934125.1	-	UL28	AGTG	1305	21533	21533	21533	62.932662	62.932662	21533	21533	1		1				0	19246	21402	21402	19246	-131	0
LT934125.1	-	UL28	ATGG	1304	21473	21473	21473	121.505206	121.505206	21473	21473	1		1				1304	19246	21402	21402	19246	-71	1304
LT934125.1	-	UL28	GCGG	1304	21475	21475	21475	241.779497	241.779497	21475	21475	1		1				1304	19246	21402	21402	19246	-73	1304
LT934125.1	-	UL28	GCTG	1304	21473	21477	21473	54.571748	27.285874	21473	21477	5		5				1304	19246	21402	21402	19246	-71	1304
LT934125.1	-	UL29	ACCG	1349	25229	25235	25235	205.281867	140.456014	25229	25235	7		7				0	21554	25087	25087	21554	-148	1349
LT934125.1	-	UL29	ACCG	1350	25313	25315	25313	986.793533	957.982043	25313	25313	1		3				1350	21554	25087	25087	21554	-226	0
LT934125.1	-	UL29	AGTG	1347	25121	25121	25121	62.932662	62.932662	25121	25121	1		1				0	21554	25087	25087	21554	-34	1347
LT934125.1	-	UL29	AGTG	1348	25170	25170	25170	62.932662	62.932662	25170	25170	1		1				0	21554	25087	25087	21554	-83	0
LT934125.1	-	UL29	AGTG	1349	25229	25234	25232	1321.585903	755.191945	25231	25234	4		6				0	21554	25087	25087	21554	-145	0
LT934125.1	-	UL29	AGTG	1350	25313	25316	25313	22278.162366	21019.509125	25313	25313	1		4				1350	21554	25087	25087	21554	-226	0
LT934125.1	-	UL29	ATGG	1349	25229	25233	25232	583.224991	473.870305	25232	25233	2		5				0	21554	25087	25087	21554	-145	1349
LT934125.1	-	UL29	ATGG	1350	25313	25316	25313	2126.341114	1956.233825	25313	25313	1		4				1350	21554	25087	25087	21554	-226	0
LT934125.1	-	UL29	GCGG	1349	25229	25246	25232	2659.574468	1450.676983	25232	25237	6		18				0	21554	25087	25087	21554	-145	1349
LT934125.1	-	UL29	GCGG	1350	25313	25314	25313	5077.369439	4835.589942	25313	25313	1		2				1350	21554	25087	25087	21554	-226	0
LT934125.1	-	UL29	GCTG	1349	25231	25233	25232	573.003356	518.431608	25232	25232	1		3				0	21554	25087	25087	21554	-145	1349
LT934125.1	-	UL29	GCTG	1350	25313	25318	25313	2128.298179	1964.582935	25313	25313	1		6				1350	21554	25087	25087	21554	-226	0
LT934125.1	-	UL29	TACG	1350	25313	25313	25313	6246.45088	6246.45088	25313	25313	1		1				1350	21554	25087	25087	21554	-226	1350
LT934125.1	-	UL3	ACCG	1820	93466	93479	93466	338.535008	165.666068	93466	93472	7		14				1820	92749	93465	93465	92749	-1	1820
LT934125.1	-	UL3	AGTG	1820	93466	93483	93472	1510.383889	881.057269	93466	93479	14		18				1820	92749	93465	93465	92749	-7	1820
LT934125.1	-	UL3	ATGG	1820	93467	93473	93467	315.913537	267.311454	93467	93473	7		7				1820	92749	93465	93465	92749	-2	1820
LT934125.1	-	UL3	GCGG	1820	93467	93480	93467	725.338491	241.779497	93467	93480	14		14				1820	92749	93465	93465	92749	-2	1820
LT934125.1	-	UL3	GCTG	1820	93466	93480	93466	982.291467	600.28923	93466	93477	12		15				1820	92749	93465	93465	92749	-1	1820
LT934125.1	-	UL3.5	ACCG	1812	92774	92777	92774	75.630161	61.224416	92774	92777	4	UL3	4				1812	92099	92752	92752	92099	-22	1812
LT934125.1	-	UL3.5	AGTG	1812	92773	92774	92773	125.865324	62.932662	92773	92774	2	UL3	2				1812	92099	92752	92752	92099	-21	1812
LT934125.1	-	UL3.5	GCTG	1812	92772	92774	92774	163.715244	81.857622	92772	92774	3	UL3	3				1812	92099	92752	92752	92099	-22	1812
LT934125.1	-	UL31	ACCG	1390	29358	29362	29362	43.217235	28.81149	29358	29362	5	UL32	5				0	28501	29316	29316	28501	-46	1390
LT934125.1	-	UL31	ACCG	1391	29408	29420	29412	11340.922759	3756.298012	29410	29416	7	UL32	13				1391	28501	29316	29316	28501	-96	0
LT934125.1	-	UL31	AGTG	1390	29361	29361	29361	62.932662	62.932662	29361	29361	1	UL32	1				0	28501	29316	29316	28501	-45	1390
LT934125.1	-	UL31	AGTG	1391	29407	29414	29412	12397.734424	3775.959723	29407	29414	8	UL32	8				1391	28501	29316	29316	28501	-96	0
LT934125.1	-	UL31	ATGG	1390	29356	29361	29361	60.752603	36.451562	29356	29361	6	UL32	6				0	28501	29316	29316	28501	-45	1390
LT934125.1	-	UL31	ATGG	1391	29407	29417	29414	14252.560722	3803.112963	29407	29414	8	UL32	11				1391	28501	29316	29316	28501	-98	0
LT934125.1	-	UL31	GCGG	1390	29361	29361	29361	241.779497	241.779497	29361	29361	1	UL32	1				0	28501	29316	29316	28501	-45	1390
LT934125.1	-	UL31	GCGG	1391	29407	29417	29411	16682.7853	4835.589942	29407	29415	9	UL32	11				1391	28501	29316	29316	28501	-95	0
LT934125.1	-	UL31	GCTG	1390	29355	29361	29361	136.42937	109.143496	29355	29361	7	UL32	7				0	28501	29316	29316	28501	-45	1390
LT934125.1	-	UL31	GCTG	1391	29407	29417	29407	16726.240825	4556.740975	29407	29417	11	UL32	11				1391	28501	29316	29316	28501	-91	0
LT934125.1	-	UL31	TACG	1391	29407	29415	29407	10221.465077	3975.014196	29407	29415	9	UL32	9				1391	28501	29316	29316	28501	-91	1391
LT934125.1	-	UL32	ACCG	1406	30877	30881	30877	320.527827	280.912028	30877	30878	2		5				1406	29309	30721	30721	29309	-156	1406
LT934125.1	-	UL32	AGTG	1405	30819	30822	30819	125.865324	62.932662	30819	30822	4		4				0	29309	30721	30721	29309	-98	1405
LT934125.1	-	UL32	AGTG	1406	30877	30879	30877	377.595972	314.66331	30877	30879	3		3				1406	29309	30721	30721	29309	-156	0
LT934125.1	-	UL32	ATGG	1405	30822	30822	30822	24.301041	24.301041	30822	30822	1		1				0	29309	30721	30721	29309	-101	1405
LT934125.1	-	UL32	ATGG	1406	30877	30882	30877	777.633321	619.676553	30877	30882	6		6				1406	29309	30721	30721	29309	-156	0
LT934125.1	-	UL32	GCGG	1406	30877	30877	30877	725.338491	725.338491	30877	30877	1		1				1406	29309	30721	30721	29309	-156	1406
LT934125.1	-	UL32	GCTG	1405	30823	30823	30823	27.285874	27.285874	30823	30823	1		1				0	29309	30721	30721	29309	-102	1405
LT934125.1	-	UL32	GCTG	1406	30877	30881	30877	682.146852	573.003356	30877	30881	5		5				1406	29309	30721	30721	29309	-156	0
LT934125.1	-	UL32	TACG	1404	30756	30756	30756	567.859171	567.859171	30756	30756	1		1				1404	29309	30721	30721	29309	-35	1404
LT934125.1	-	UL32	TACG	1406	30877	30877	30877	567.859171	567.859171	30877	30877	1		1				1406	29309	30721	30721	29309	-156	0
LT934125.1	-	UL36	ACCG	1484	41995	41999	41995	12291.701932	11463.371593	41995	41995	1		5				1484	32705	41983	41983	32705	-12	1484
LT934125.1	-	UL36	AGTG	1484	41995	41999	41995	2139.71051	1321.585903	41995	41997	3		5				1484	32705	41983	41983	32705	-12	1484
LT934125.1	-	UL36	ATGG	1484	41997	41998	41998	10485.89932	9805.470164	41998	41998	1		2				1484	32705	41983	41983	32705	-15	1484
LT934125.1	-	UL36	GCGG	1484	41992	42001	41995	4835.589941	3384.912959	41992	41995	4		10				1484	32705	41983	41983	32705	-12	1484
LT934125.1	-	UL36	GCTG	1484	41992	41999	41995	4420.311605	3656.30713	41995	41995	1		8				1484	32705	41983	41983	32705	-12	1484
LT934125.1	-	UL36	GCTG	1485	42061	42061	42061	27.285874	27.285874	42061	42061	1	UL37	1				0	32705	41983	41983	32705	-78	0
LT934125.1	-	UL36	TACG	1484	41995	41995	41995	2839.295855	2839.295855	41995	41995	1		1				1484	32705	41983	41983	32705	-12	1484
LT934125.1	-	UL37	ACCG	1502	44889	44895	44889	4058.818656	2697.475753	44889	44894	6		7				1502	42021	44780	44780	42021	-109	1502
LT934125.1	-	UL37	AGTG	1502	44889	44893	44892	2580.239144	1573.316551	44892	44893	2		5				1502	42021	44780	44780	42021	-112	1502
LT934125.1	-	UL37	ATGG	1502	44889	44893	44889	3523.650988	2077.739031	44889	44893	5		5				1502	42021	44780	44780	42021	-109	1502
LT934125.1	-	UL37	GCGG	1502	44889	44893	44889	2176.015474	1450.676983	44889	44893	5		5				1502	42021	44780	44780	42021	-109	1502
LT934125.1	-	UL37	GCTG	1501	44817	44817	44817	54.571748	54.571748	44817	44817	1		1				0	42021	44780	44780	42021	-37	1501
LT934125.1	-	UL37	GCTG	1502	44889	44893	44889	2428.442795	1609.866572	44889	44893	5		5				1502	42021	44780	44780	42021	-109	0
LT934125.1	-	UL37	TACG	1502	44889	44889	44889	1135.718342	1135.718342	44889	44889	1		1				1502	42021	44780	44780	42021	-109	1502
LT934125.1	-	UL41	ACCG	1540	51146	51148	51147	1545.016152	1224.488326	51147	51148	2		3				1540	50044	51141	51141	50044	-6	1540
LT934125.1	-	UL41	AGTG	1540	51141	51150	51147	2643.171805	1573.316551	51146	51150	5		10				1540	50044	51141	51141	50044	-6	1540
LT934125.1	-	UL41	ATGG	1540	51147	51147	51147	1154.299462	1154.299462	51147	51147	1		1				1540	50044	51141	51141	50044	-6	1540
LT934125.1	-	UL41	GCGG	1540	51147	51147	51147	3384.912959	3384.912959	51147	51147	1		1				1540	50044	51141	51141	50044	-6	1540
LT934125.1	-	UL41	GCTG	1540	51147	51149	51147	736.718601	709.432727	51147	51147	1		3				1540	50044	51141	51141	50044	-6	1540
LT934125.1	-	UL41	GCTG	1541	51308	51308	51308	27.285874	27.285874	51308	51308	1		1				0	50044	51141	51141	50044	-167	0
LT934125.1	-	UL41	TACG	1540	51144	51147	51147	6814.310051	6246.45088	51147	51147	1		4				1540	50044	51141	51141	50044	-6	1540
LT934125.1	-	UL50	ACCG	1213	9494	9498	9494	749.098741	558.222619	9494	9498	5		5				1213	8593	9399	9399	8593	-95	1213
LT934125.1	-	UL50	ACCG	1214	9590	9590	9590	46.818671	46.818671	9590	9590	1		1				0	8593	9399	9399	8593	-191	0
LT934125.1	-	UL50	AGTG	1213	9494	9501	9494	7929.515418	5726.872247	9494	9495	2		8				1213	8593	9399	9399	8593	-95	1213
LT934125.1	-	UL50	ATGG	1213	9494	9500	9494	2162.792676	1688.92237	9494	9500	7		7				1213	8593	9399	9399	8593	-95	1213
LT934125.1	-	UL50	ATGG	1214	9590	9591	9590	72.903124	48.602083	9590	9591	2		2				0	8593	9399	9399	8593	-191	0
LT934125.1	-	UL50	GCGG	1213	9494	9499	9494	4352.030947	3143.133462	9494	9499	6		6				1213	8593	9399	9399	8593	-95	1213
LT934125.1	-	UL50	GCGG	1214	9594	9594	9594	241.779497	241.779497	9594	9594	1		1				0	8593	9399	9399	8593	-195	0
LT934125.1	-	UL50	GCTG	1213	9494	9498	9494	873.147971	709.432727	9494	9497	4		5				1213	8593	9399	9399	8593	-95	1213
LT934125.1	-	UL50	GCTG	1214	9599	9599	9599	54.571748	54.571748	9599	9599	1		1				0	8593	9399	9399	8593	-200	0
LT934125.1	-	UL50	TACG	1213	9494	9498	9494	4542.873367	3975.014196	9494	9498	5		5				1213	8593	9399	9399	8593	-95	1213
LT934125.1	-	UL52	ACCG	1200	7761	7761	7761	18.007181	18.007181	7761	7761	1		1				1200	4854	7742	7742	4854	-19	1200
LT934125.1	-	UL52	AGTG	1200	7758	7758	7758	188.797986	188.797986	7758	7758	1		1				1200	4854	7742	7742	4854	-16	1200
LT934125.1	-	UL52	ATGG	1200	7758	7758	7758	24.301041	24.301041	7758	7758	1		1				1200	4854	7742	7742	4854	-16	1200
LT934125.1	-	UL52	GCTG	1200	7758	7758	7758	54.571748	54.571748	7758	7758	1		1				1200	4854	7742	7742	4854	-16	1200
LT934125.1	-	UL52	TACG	1200	7758	7758	7758	567.859171	567.859171	7758	7758	1		1				1200	4854	7742	7742	4854	-16	1200
LT934125.1	-	UL53	ACCG	1187	4924	4926	4925	360.143625	190.876121	4925	4926	2	UL52	3				1187	3961	4899	4899	3961	-26	1187
LT934125.1	-	UL53	AGTG	1187	4924	4926	4925	1447.451227	943.989931	4925	4926	2	UL52	3				1187	3961	4899	4899	3961	-26	1187
LT934125.1	-	UL53	AGTG	1188	4991	4991	4991	62.932662	62.932662	4991	4991	1	UL52	1				0	3961	4899	4899	3961	-92	0
LT934125.1	-	UL53	ATGG	1187	4924	4928	4925	376.66614	206.558851	4925	4928	4	UL52	5				1187	3961	4899	4899	3961	-26	1187
LT934125.1	-	UL53	GCGG	1187	4925	4926	4925	1692.456479	967.117988	4925	4926	2	UL52	2				1187	3961	4899	4899	3961	-26	1187
LT934125.1	-	UL53	GCTG	1187	4924	4928	4925	927.71972	709.432727	4925	4926	2	UL52	5				1187	3961	4899	4899	3961	-26	1187
LT934125.1	-	UL53	TACG	1187	4926	4928	4928	2271.436684	1135.718342	4926	4928	3	UL52	3				1187	3961	4899	4899	3961	-29	1187
LT934125.1	-	UL54	ACCG	1176	3910	3910	3910	147.658886	147.658886	3910	3910	1		1				1176	2797	3882	3882	2797	-28	1176
LT934125.1	-	UL54	AGTG	1176	3910	3910	3910	943.989931	943.989931	3910	3910	1		1				1176	2797	3882	3882	2797	-28	1176
LT934125.1	-	UL54	ATGG	1176	3913	3913	3913	194.40833	194.40833	3913	3913	1		1				1176	2797	3882	3882	2797	-31	1176
LT934125.1	-	UL54	GCGG	1176	3910	3910	3910	241.779497	241.779497	3910	3910	1		1				1176	2797	3882	3882	2797	-28	1176
LT934125.1	-	UL54	GCTG	1176	3910	3910	3910	136.429371	136.429371	3910	3910	1		1				1176	2797	3882	3882	2797	-28	1176
LT934125.1	-	UL6	ACCG	1781	89077	89082	89079	864.344701	471.788149	89078	89081	4		6				1781	86993	88924	88924	86993	-155	1781
LT934125.1	-	UL6	ACCG	1782	89153	89153	89153	25.210054	25.210054	89153	89153	1		1				0	86993	88924	88924	86993	-229	0
LT934125.1	-	UL6	AGTG	1781	89079	89081	89079	881.057269	692.259283	89079	89081	3		3				1781	86993	88924	88924	86993	-155	1781
LT934125.1	-	UL6	AGTG	1782	89152	89162	89153	377.595972	251.730648	89152	89162	11		11				0	86993	88924	88924	86993	-229	0
LT934125.1	-	UL6	ATGG	1781	89078	89081	89079	911.289048	656.128115	89078	89079	2		4				1781	86993	88924	88924	86993	-155	1781
LT934125.1	-	UL6	ATGG	1782	89153	89156	89153	182.257809	157.956768	89153	89156	4		4				0	86993	88924	88924	86993	-229	0
LT934125.1	-	UL6	GCGG	1781	89079	89083	89079	483.558994	241.779497	89079	89083	5		5				1781	86993	88924	88924	86993	-155	1781
LT934125.1	-	UL6	GCGG	1782	89153	89153	89153	483.558994	483.558994	89153	89153	1		1				1782	86993	88924	88924	86993	-229	0
LT934125.1	-	UL6	GCTG	1781	89077	89081	89079	354.716363	272.858741	89077	89079	3		5				1781	86993	88924	88924	86993	-155	1781
LT934125.1	-	UL6	GCTG	1782	89145	89162	89153	245.572867	191.001119	89145	89162	18		18				0	86993	88924	88924	86993	-229	0
LT934125.1	-	UL6	TACG	1782	89153	89153	89153	567.859171	567.859171	89153	89153	1		1				1782	86993	88924	88924	86993	-229	1782
LT934125.1	-	UL7	ACCG	1769	87157	87165	87165	518.60682	302.520645	87157	87165	9	UL6	9				1769	86302	87102	87102	86302	-63	1769
LT934125.1	-	UL7	AGTG	1769	87157	87162	87161	1258.653241	755.191945	87161	87162	2	UL6	6				1769	86302	87102	87102	86302	-59	1769
LT934125.1	-	UL7	ATGG	1769	87157	87161	87161	388.81666	267.311454	87157	87161	5	UL6	5				1769	86302	87102	87102	86302	-59	1769
LT934125.1	-	UL7	GCGG	1769	87157	87157	87157	241.779497	241.779497	87157	87157	1	UL6	1				1769	86302	87102	87102	86302	-55	1769
LT934125.1	-	UL7	GCTG	1769	87161	87163	87163	109.143496	54.571748	87161	87163	3	UL6	3				1769	86302	87102	87102	86302	-61	1769
LT934125.1	-	UL7	TACG	1769	87160	87161	87161	1703.577513	1135.718342	87160	87161	2	UL6	2				1769	86302	87102	87102	86302	-59	1769
LT934125.1	-	US1_2	ACCG	2089	128016	128016	128016	14.405745	14.405745	128016	128016	1		1				2089	126886	127977	127977	126886	-39	2089
LT934125.1	-	US1_2	AGTG	2089	127992	127992	127992	125.865324	125.865324	127992	127992	1		1				2089	126886	127977	127977	126886	-15	2089
LT934125.1	-	US1_2	GCTG	2089	127992	127992	127992	81.857622	81.857622	127992	127992	1		1				2089	126886	127977	127977	126886	-15	2089
LT934125.1	-	US1_2	GCTG	2090	128166	128166	128166	27.285874	27.285874	128166	128166	1		1				0	126886	127977	127977	126886	-189	0
LT934125.1	-	US1_2	TACG	2089	127993	127993	127993	567.859171	567.859171	127993	127993	1		1				2089	126886	127977	127977	126886	-16	2089
