chr	strand	gene	group	cluster	start	end	dominant_tss	tags	tags.dominant_tss	q_0.1	q_0.9	interquantile_width	inCoding	cluster_width	hpi	cell_line	Time	dominant_TC	CDS_start	CDS_end	CDS_prime5	CDS_prime3	TSS_CDS_dist	closest_TC	gene_mean_dominant_TSS	gene_dominant_TSS_shift	gene_mean_shift_TSS	gene_sd_shift_TSS	gene_varcoeff_shif_TSS
LT934125.1	+	ELIE	AGTG	790	100437	100437	100437	62.932662	62.932662	100437	100437	1		1				790	100549	102393	100549	102393	112	790	100437	0	0	0	
LT934125.1	+	ELIE	GCGG	790	100437	100437	100437	241.779497	241.779497	100437	100437	1		1				790	100549	102393	100549	102393	112	790	100437	0	0	0	
LT934125.1	+	IE180_2	ACCG	1112	136337	136351	136348	601.439854	432.17235	136344	136348	5		15				1112	136420	140772	136420	140772	72	1112	136346	-2	2.83333333333333	2.56255081250434	0.904429698530944
LT934125.1	+	IE180_2	AGTG	1112	136335	136351	136348	6607.929514	4908.74764	136339	136348	10		17				1112	136420	140772	136420	140772	72	1112	136346	-2	2.83333333333333	2.56255081250434	0.904429698530944
LT934125.1	+	IE180_2	ATGG	1112	136335	136351	136348	1057.095296	704.730198	136345	136349	5		17				1112	136420	140772	136420	140772	72	1112	136346	-2	2.83333333333333	2.56255081250434	0.904429698530944
LT934125.1	+	IE180_2	GCGG	1112	136345	136349	136348	2659.574468	1934.235977	136348	136349	2		5				1112	136420	140772	136420	140772	72	1112	136346	-2	2.83333333333333	2.56255081250434	0.904429698530944
LT934125.1	+	IE180_2	GCTG	1112	136342	136348	136345	873.147971	682.146853	136345	136347	3		7				1112	136420	140772	136420	140772	75	1112	136346	1	2.83333333333333	2.56255081250434	0.904429698530944
LT934125.1	+	IE180_2	TACG	1112	136338	136338	136338	567.859171	567.859171	136338	136338	1		1				1112	136420	140772	136420	140772	82	1112	136346	8	2.83333333333333	2.56255081250434	0.904429698530944
LT934125.1	+	NOIR	ACCG	825	107473	107482	107482	7739.486507	7710.675017	107482	107482	1		10				825	107483	108830	107483	108830	1	825	107482	0	0	0	
LT934125.1	+	NOIR	AGTG	825	107479	107482	107482	16740.088106	16677.155444	107482	107482	1		4				825	107483	108830	107483	108830	1	825	107482	0	0	0	
LT934125.1	+	NOIR	ATGG	825	107479	107482	107482	12587.939393	12551.487831	107482	107482	1		4				825	107483	108830	107483	108830	1	825	107482	0	0	0	
LT934125.1	+	NOIR	GCGG	825	107482	107486	107482	8704.061895	7736.943907	107482	107483	2		5				825	107483	108830	107483	108830	1	825	107482	0	0	0	
LT934125.1	+	NOIR	GCTG	825	107473	107482	107482	8731.479712	8595.050342	107482	107482	1		10				825	107483	108830	107483	108830	1	825	107482	0	0	0	
LT934125.1	+	NOIR	TACG	825	107482	107485	107482	4542.873367	3975.014196	107482	107485	4		4				825	107483	108830	107483	108830	1	825	107482	0	0	0	
LT934125.1	+	ORF-1	ACCG	12	1600	1603	1600	756.301613	601.439854	1600	1603	4		4				12	1623	2243	1623	2243	23	12	1600	0	0.166666666666667	0.408248290463863	2.44948974278318
LT934125.1	+	ORF-1	AGTG	12	1600	1604	1600	314.66331	125.865324	1600	1604	5		5				12	1623	2243	1623	2243	23	12	1600	0	0.166666666666667	0.408248290463863	2.44948974278318
LT934125.1	+	ORF-1	ATGG	12	1600	1603	1600	656.128115	546.773429	1600	1603	4		4				12	1623	2243	1623	2243	23	12	1600	0	0.166666666666667	0.408248290463863	2.44948974278318
LT934125.1	+	ORF-1	GCGG	12	1599	1599	1599	483.558994	483.558994	1599	1599	1		1				12	1623	2243	1623	2243	24	12	1600	1	0.166666666666667	0.408248290463863	2.44948974278318
LT934125.1	+	ORF-1	GCTG	12	1597	1603	1600	900.433845	627.575104	1600	1603	4		7				12	1623	2243	1623	2243	23	12	1600	0	0.166666666666667	0.408248290463863	2.44948974278318
LT934125.1	+	ORF-1	TACG	12	1600	1600	1600	1703.577513	1703.577513	1600	1600	1		1				12	1623	2243	1623	2243	23	12	1600	0	0.166666666666667	0.408248290463863	2.44948974278318
LT934125.1	+	UL11	ATGG	645	79719	79719	79719	24.301041	24.301041	79719	79719	1	UL12	1				645	79779	79970	79779	79970	60	645	79720	1	0.5	0.707106781186548	1.4142135623731
LT934125.1	+	UL11	GCTG	645	79720	79720	79720	27.285874	27.285874	79720	79720	1	UL12	1				645	79779	79970	79779	79970	59	645	79720	0	0.5	0.707106781186548	1.4142135623731
LT934125.1	+	UL14	AGTG	621	76677	76685	76685	1950.912523	1384.518565	76679	76685	7		9				621	76753	77232	76753	77232	68	621	76684	-1	1.2	0.447213595499958	0.372677996249965
LT934125.1	+	UL14	ATGG	621	76683	76685	76685	194.40833	170.107289	76683	76685	3		3				621	76753	77232	76753	77232	68	621	76684	-1	1.2	0.447213595499958	0.372677996249965
LT934125.1	+	UL14	GCGG	621	76682	76683	76682	1208.897485	725.338491	76682	76683	2		2				621	76753	77232	76753	77232	71	621	76684	2	1.2	0.447213595499958	0.372677996249965
LT934125.1	+	UL14	GCTG	621	76677	76685	76685	245.572866	109.143496	76677	76685	9		9				621	76753	77232	76753	77232	68	621	76684	-1	1.2	0.447213595499958	0.372677996249965
LT934125.1	+	UL14	TACG	621	76683	76683	76683	1703.577513	1703.577513	76683	76683	1		1				621	76753	77232	76753	77232	70	621	76684	1	1.2	0.447213595499958	0.372677996249965
LT934125.1	+	UL16	AGTG	605	74632	74632	74632	62.932662	62.932662	74632	74632	1		1				605	74654	75640	74654	75640	22	605	74632	0	0		
LT934125.1	+	UL17	ATGG	593	72758	72763	72759	1251.503627	729.031239	72759	72763	5		6				593	72834	74627	72834	74627	75	593	72759	0	0	0	
LT934125.1	+	UL17	GCGG	593	72756	72763	72759	3143.133462	1450.676983	72756	72763	8		8				593	72834	74627	72834	74627	75	593	72759	0	0	0	
LT934125.1	+	UL18	ACCG	563	70526	70534	70531	13966.369788	8146.448804	70526	70531	6		9				563	70559	71449	70559	71449	28	563	70530	-1	1.16666666666667	0.408248290463863	0.349927106111883
LT934125.1	+	UL18	AGTG	563	70529	70531	70531	7866.582757	4782.882316	70529	70531	3		3				563	70559	71449	70559	71449	28	563	70530	-1	1.16666666666667	0.408248290463863	0.349927106111883
LT934125.1	+	UL18	ATGG	563	70525	70534	70531	11700.951385	7642.677489	70529	70531	3		10				563	70559	71449	70559	71449	28	563	70530	-1	1.16666666666667	0.408248290463863	0.349927106111883
LT934125.1	+	UL18	GCGG	563	70528	70529	70528	10638.297873	6528.046422	70528	70529	2		2				563	70559	71449	70559	71449	31	563	70530	2	1.16666666666667	0.408248290463863	0.349927106111883
LT934125.1	+	UL18	GCTG	563	70528	70534	70531	13451.935932	8758.765587	70529	70531	3		7				563	70559	71449	70559	71449	28	563	70530	-1	1.16666666666667	0.408248290463863	0.349927106111883
LT934125.1	+	UL18	TACG	563	70528	70531	70531	8517.887564	5678.591709	70528	70531	4		4				563	70559	71449	70559	71449	28	563	70530	-1	1.16666666666667	0.408248290463863	0.349927106111883
LT934125.1	+	UL19	ACCG	500	66330	66338	66338	29214.850883	28285.680329	66338	66338	1		9				500	66399	70391	66399	70391	61	500	66338	0	0	0	
LT934125.1	+	UL19	AGTG	500	66337	66338	66338	12586.53241	12460.667086	66338	66338	1		2				500	66399	70391	66399	70391	61	500	66338	0	0	0	
LT934125.1	+	UL19	ATGG	500	66335	66338	66338	26889.102198	26512.436058	66338	66338	1		4				500	66399	70391	66399	70391	61	500	66338	0	0	0	
LT934125.1	+	UL19	GCGG	500	66333	66338	66338	23936.170212	23210.831721	66338	66338	1		6				500	66399	70391	66399	70391	61	500	66338	0	0	0	
LT934125.1	+	UL19	GCTG	500	66335	66338	66338	33015.907664	32879.478294	66338	66338	1		4				500	66399	70391	66399	70391	61	500	66338	0	0	0	
LT934125.1	+	UL19	TACG	500	66334	66338	66338	10789.324248	10221.465077	66338	66338	1		5				500	66399	70391	66399	70391	61	500	66338	0	0	0	
LT934125.1	+	UL20	ACCG	495	65805	65807	65807	947.177734	543.816874	65805	65807	3		3				495	65827	66312	65827	66312	20	495	65806	-1	1	0	0
LT934125.1	+	UL20	AGTG	495	65805	65807	65807	2706.104468	1510.383889	65805	65807	3		3				495	65827	66312	65827	66312	20	495	65806	-1	1	0	0
LT934125.1	+	UL20	ATGG	495	65805	65809	65805	1044.944776	607.526032	65805	65807	3		5				495	65827	66312	65827	66312	22	495	65806	1	1	0	0
LT934125.1	+	UL20	GCGG	495	65802	65805	65805	1692.456479	967.117988	65802	65805	4		4				495	65827	66312	65827	66312	22	495	65806	1	1	0	0
LT934125.1	+	UL20	GCTG	495	65805	65809	65807	163.715244	81.857622	65805	65809	5		5				495	65827	66312	65827	66312	20	495	65806	-1	1	0	0
LT934125.1	+	UL20	TACG	495	65807	65807	65807	567.859171	567.859171	65807	65807	1		1				495	65827	66312	65827	66312	20	495	65806	-1	1	0	0
LT934125.1	+	UL22	ACCG	443	60232	60239	60232	1451.37881	522.208257	60232	60236	5		8				443	60254	62314	60254	62314	22	443	60233	1	1.2	0.447213595499958	0.372677996249965
LT934125.1	+	UL22	AGTG	443	60232	60239	60232	1195.720578	440.528634	60232	60236	5		8				443	60254	62314	60254	62314	22	443	60233	1	1.2	0.447213595499958	0.372677996249965
LT934125.1	+	UL22	ATGG	443	60232	60236	60235	1737.524453	571.074471	60232	60236	5		5				443	60254	62314	60254	62314	19	443	60233	-2	1.2	0.447213595499958	0.372677996249965
LT934125.1	+	UL22	GCGG	443	60232	60235	60234	2176.015473	967.117988	60232	60235	4		4				443	60254	62314	60254	62314	20	443	60233	-1	1.2	0.447213595499958	0.372677996249965
LT934125.1	+	UL22	GCTG	443	60232	60239	60232	1364.293705	518.431608	60232	60235	4		8				443	60254	62314	60254	62314	22	443	60233	1	1.2	0.447213595499958	0.372677996249965
LT934125.1	+	UL23	ACCG	428	59068	59070	59068	1318.125668	1130.850983	59068	59070	3		3				428	59156	60118	59156	60118	88	428	59068	0	0	0	
LT934125.1	+	UL23	ATGG	428	59067	59070	59068	2089.889552	1846.879139	59068	59068	1		4				428	59156	60118	59156	60118	88	428	59068	0	0	0	
LT934125.1	+	UL23	GCGG	428	59068	59070	59068	7978.723405	6286.266925	59068	59070	3		3				428	59156	60118	59156	60118	88	428	59068	0	0	0	
LT934125.1	+	UL23	GCTG	428	59065	59070	59068	4202.024611	3519.877759	59068	59070	3		6				428	59156	60118	59156	60118	88	428	59068	0	0	0	
LT934125.1	+	UL23	TACG	428	59067	59068	59068	3407.155026	2839.295855	59067	59068	2		2				428	59156	60118	59156	60118	88	428	59068	0	0	0	
LT934125.1	+	UL30	ACCG	169	25418	25422	25422	75.630162	28.81149	25418	25422	5		5				169	25434	28580	25434	28580	12	169	25420	-2	0.8	0.836660026534076	1.04582503316759
LT934125.1	+	UL30	AGTG	169	25420	25422	25420	3272.498426	1636.249213	25420	25422	3		3				169	25434	28580	25434	28580	14	169	25420	0	0.8	0.836660026534076	1.04582503316759
LT934125.1	+	UL30	ATGG	169	25420	25422	25420	194.408331	109.354686	25420	25422	3		3				169	25434	28580	25434	28580	14	169	25420	0	0.8	0.836660026534076	1.04582503316759
LT934125.1	+	UL30	GCGG	169	25419	25420	25419	483.558994	241.779497	25419	25420	2		2				169	25434	28580	25434	28580	15	169	25420	1	0.8	0.836660026534076	1.04582503316759
LT934125.1	+	UL30	GCTG	169	25419	25422	25419	54.571748	27.285874	25419	25422	4		4				169	25434	28580	25434	28580	15	169	25420	1	0.8	0.836660026534076	1.04582503316759
LT934125.1	+	UL33	AGTG	210	30715	30715	30715	62.932662	62.932662	30715	30715	1		1				210	30720	31070	30720	31070	5	210	30706	-9	6	2.64575131106459	0.440958551844098
LT934125.1	+	UL33	ATGG	210	30701	30701	30701	24.301041	24.301041	30701	30701	1		1				210	30720	31070	30720	31070	19	210	30706	5	6	2.64575131106459	0.440958551844098
LT934125.1	+	UL33	GCTG	210	30702	30710	30702	81.857622	27.285874	30702	30710	9		9				210	30720	31070	30720	31070	18	210	30706	4	6	2.64575131106459	0.440958551844098
LT934125.1	+	UL34	GCGG	215	31093	31098	31098	15232.108317	11363.636364	31096	31098	3		6				215	31226	32011	31226	32011	128	215	31098	0	0		
LT934125.1	+	UL35	ACCG	229	32020	32038	32038	28249.665965	15248.481094	32036	32038	3		19				229	32066	32377	32066	32377	28	229	32037	-1	1.33333333333333	0.816496580927726	0.612372435695795
LT934125.1	+	UL35	AGTG	229	32029	32040	32038	6859.660163	3209.565765	32036	32038	3		12				229	32066	32377	32066	32377	28	229	32037	-1	1.33333333333333	0.816496580927726	0.612372435695795
LT934125.1	+	UL35	ATGG	229	32030	32038	32038	86645.362753	58529.05797	32036	32038	3		9				229	32066	32377	32066	32377	28	229	32037	-1	1.33333333333333	0.816496580927726	0.612372435695795
LT934125.1	+	UL35	GCGG	229	32032	32034	32034	44970.98646	26837.524178	32032	32034	3		3				229	32066	32377	32066	32377	32	229	32037	3	1.33333333333333	0.816496580927726	0.612372435695795
LT934125.1	+	UL35	GCTG	229	32007	32038	32038	101203.307047	70179.268193	32036	32038	3		32				229	32066	32377	32066	32377	28	229	32037	-1	1.33333333333333	0.816496580927726	0.612372435695795
LT934125.1	+	UL35	TACG	229	32032	32040	32038	17603.634299	7382.169222	32035	32038	4		9				229	32066	32377	32066	32377	28	229	32037	-1	1.33333333333333	0.816496580927726	0.612372435695795
LT934125.1	+	UL38	ACCG	252	44807	44812	44812	12252.086133	9432.161546	44810	44812	3		6				252	44837	45943	44837	45943	25	252	44812	0	0.5	1.22474487139159	2.44948974278318
LT934125.1	+	UL38	AGTG	252	44810	44812	44812	6356.198867	5097.545626	44810	44812	3		3				252	44837	45943	44837	45943	25	252	44812	0	0.5	1.22474487139159	2.44948974278318
LT934125.1	+	UL38	ATGG	252	44810	44812	44812	5795.79835	4884.509301	44810	44812	3		3				252	44837	45943	44837	45943	25	252	44812	0	0.5	1.22474487139159	2.44948974278318
LT934125.1	+	UL38	GCGG	252	44806	44812	44809	6528.046422	4593.810445	44809	44810	2		7				252	44837	45943	44837	45943	28	252	44812	3	0.5	1.22474487139159	2.44948974278318
LT934125.1	+	UL38	GCTG	252	44806	44812	44812	4966.029086	4038.309367	44810	44812	3		7				252	44837	45943	44837	45943	25	252	44812	0	0.5	1.22474487139159	2.44948974278318
LT934125.1	+	UL38	TACG	252	44812	44812	44812	2839.295855	2839.295855	44812	44812	1		1				252	44837	45943	44837	45943	25	252	44812	0	0.5	1.22474487139159	2.44948974278318
LT934125.1	+	UL39	ACCG	272	46235	46235	46235	1447.777374	1447.777374	46235	46235	1		1				272	46274	48646	46274	48646	39	272	46235	0	0.333333333333333	0.516397779494322	1.54919333848297
LT934125.1	+	UL39	AGTG	272	46227	46235	46235	9502.83197	9439.899308	46235	46235	1		9				272	46274	48646	46274	48646	39	272	46235	0	0.333333333333333	0.516397779494322	1.54919333848297
LT934125.1	+	UL39	ATGG	272	46234	46234	46234	2673.114543	2673.114543	46234	46234	1		1				272	46274	48646	46274	48646	40	272	46235	1	0.333333333333333	0.516397779494322	1.54919333848297
LT934125.1	+	UL39	GCGG	272	46234	46234	46234	4835.589942	4835.589942	46234	46234	1		1				272	46274	48646	46274	48646	40	272	46235	1	0.333333333333333	0.516397779494322	1.54919333848297
LT934125.1	+	UL39	GCTG	272	46235	46235	46235	1555.294824	1555.294824	46235	46235	1		1				272	46274	48646	46274	48646	39	272	46235	0	0.333333333333333	0.516397779494322	1.54919333848297
LT934125.1	+	UL39	TACG	272	46235	46235	46235	2839.295855	2839.295855	46235	46235	1		1				272	46274	48646	46274	48646	39	272	46235	0	0.333333333333333	0.516397779494322	1.54919333848297
LT934125.1	+	UL4	ACCG	726	91408	91412	91408	979.590661	500.599639	91408	91412	5	UL5	5				726	91486	91923	91486	91923	78	726	91409	1	0.8	1.30384048104053	1.62980060130066
LT934125.1	+	UL4	AGTG	726	91409	91412	91409	1132.787916	566.393958	91409	91412	4	UL5	4				726	91486	91923	91486	91923	77	726	91409	0	0.8	1.30384048104053	1.62980060130066
LT934125.1	+	UL4	ATGG	726	91409	91412	91409	1044.944776	692.579677	91409	91412	4	UL5	4				726	91486	91923	91486	91923	77	726	91409	0	0.8	1.30384048104053	1.62980060130066
LT934125.1	+	UL4	GCGG	726	91405	91412	91409	2417.794971	1692.45648	91409	91412	4	UL5	8				726	91486	91923	91486	91923	77	726	91409	0	0.8	1.30384048104053	1.62980060130066
LT934125.1	+	UL4	TACG	726	91412	91412	91412	567.859171	567.859171	91412	91412	1	UL5	1				726	91486	91923	91486	91923	74	726	91409	-3	0.8	1.30384048104053	1.62980060130066
LT934125.1	+	UL40	ACCG	307	48565	48570	48567	1490.994608	1260.502688	48567	48570	4	UL39	6				307	48656	49567	48656	49567	89	307	48567	0	0	0	
LT934125.1	+	UL40	AGTG	307	48554	48570	48567	36375.078665	27061.044682	48567	48570	4	UL39	17				307	48656	49567	48656	49567	89	307	48567	0	0	0	
LT934125.1	+	UL40	TACG	307	48565	48567	48567	39750.141965	32935.831914	48566	48567	2	UL39	3				307	48656	49567	48656	49567	89	307	48567	0	0	0	
LT934125.1	+	UL42	ACCG	339	51234	51237	51235	7429.76299	4768.301599	51235	51237	3		4				339	51270	52415	51270	52415	35	339	51235	0	0	0	
LT934125.1	+	UL42	AGTG	339	51235	51237	51235	15292.636878	9943.360604	51235	51237	3		3				339	51270	52415	51270	52415	35	339	51235	0	0	0	
LT934125.1	+	UL42	ATGG	339	51232	51237	51235	9683.964958	6500.528548	51235	51237	3		6				339	51270	52415	51270	52415	35	339	51235	0	0	0	
LT934125.1	+	UL42	GCGG	339	51233	51235	51235	17408.123791	13056.092843	51233	51235	3		3				339	51270	52415	51270	52415	35	339	51235	0	0	0	
LT934125.1	+	UL42	GCTG	339	51230	51239	51235	6112.035799	3710.878878	51235	51237	3		10				339	51270	52415	51270	52415	35	339	51235	0	0	0	
LT934125.1	+	UL42	TACG	339	51235	51237	51235	12492.901761	10221.465077	51235	51237	3		3				339	51270	52415	51270	52415	35	339	51235	0	0	0	
LT934125.1	+	UL43	ACCG	357	52460	52461	52460	1238.894071	1174.068218	52460	52460	1		2				357	52473	53594	52473	53594	13	357	52460	0	0	0	
LT934125.1	+	UL43	AGTG	357	52434	52460	52460	7048.458149	3524.229075	52441	52460	20		27				357	52473	53594	52473	53594	13	357	52460	0	0	0	
LT934125.1	+	UL43	ATGG	357	52435	52461	52460	3645.156195	1676.77185	52444	52460	17		27				357	52473	53594	52473	53594	13	357	52460	0	0	0	
LT934125.1	+	UL43	GCGG	357	52440	52460	52460	3868.471953	2176.015474	52444	52460	17		21				357	52473	53594	52473	53594	13	357	52460	0	0	0	
LT934125.1	+	UL43	GCTG	357	52435	52461	52460	3438.020137	1882.725313	52444	52460	17		27				357	52473	53594	52473	53594	13	357	52460	0	0	0	
LT934125.1	+	UL43	TACG	357	52460	52460	52460	6246.45088	6246.45088	52460	52460	1		1				357	52473	53594	52473	53594	13	357	52460	0	0	0	
LT934125.1	+	UL44	ACCG	376	53642	53648	53648	14286.897615	11128.438021	53644	53648	5		7				376	53661	55103	53661	55103	13	376	53648	0	0	0	
LT934125.1	+	UL44	AGTG	376	53635	53652	53648	1321.585903	1006.922593	53644	53648	5		18				376	53661	55103	53661	55103	13	376	53648	0	0	0	
LT934125.1	+	UL44	ATGG	376	53642	53648	53648	9112.890488	8298.805604	53648	53648	1		7				376	53661	55103	53661	55103	13	376	53648	0	0	0	
LT934125.1	+	UL44	GCGG	376	53643	53648	53648	3384.912959	3143.133462	53648	53648	1		6				376	53661	55103	53661	55103	13	376	53648	0	0	0	
LT934125.1	+	UL44	GCTG	376	53640	53648	53648	7749.188246	7312.61426	53648	53648	1		9				376	53661	55103	53661	55103	13	376	53648	0	0	0	
LT934125.1	+	UL44	TACG	376	53644	53648	53648	3975.014197	2271.436684	53644	53648	5		5				376	53661	55103	53661	55103	13	376	53648	0	0	0	
LT934125.1	+	UL46	ACCG	113	14044	14051	14046	13822.312338	8081.622951	14046	14048	3	UL47	8				113	14071	16146	14071	16146	25	113	14047	1	1	0.632455532033676	0.632455532033676
LT934125.1	+	UL46	AGTG	113	14044	14051	14048	16173.694147	14096.9163	14048	14050	3	UL47	8				113	14071	16146	14071	16146	23	113	14047	-1	1	0.632455532033676	0.632455532033676
LT934125.1	+	UL46	ATGG	113	14043	14051	14048	7071.603018	5990.20668	14048	14048	1	UL47	9				113	14071	16146	14071	16146	23	113	14047	-1	1	0.632455532033676	0.632455532033676
LT934125.1	+	UL46	GCGG	113	14045	14051	14045	5077.369438	3626.692456	14045	14051	7	UL47	7				113	14071	16146	14071	16146	26	113	14047	2	1	0.632455532033676	0.632455532033676
LT934125.1	+	UL46	GCTG	113	14044	14051	14048	4611.312724	3410.734263	14045	14050	6	UL47	8				113	14071	16146	14071	16146	23	113	14047	-1	1	0.632455532033676	0.632455532033676
LT934125.1	+	UL46	TACG	113	14047	14048	14047	6814.310051	5110.732538	14047	14048	2	UL47	2				113	14071	16146	14071	16146	24	113	14047	0	1	0.632455532033676	0.632455532033676
LT934125.1	+	UL47	ACCG	93	11789	11794	11793	76155.971001	55141.590466	11793	11794	2		6				93	11815	14052	11815	14052	22	93	11793	0	0.333333333333333	0.516397779494322	1.54919333848297
LT934125.1	+	UL47	AGTG	93	11787	11797	11793	9628.697293	4342.353682	11793	11794	2		11				93	11815	14052	11815	14052	22	93	11793	0	0.333333333333333	0.516397779494322	1.54919333848297
LT934125.1	+	UL47	ATGG	93	11788	11797	11792	28760.282377	22053.194979	11792	11796	5		10				93	11815	14052	11815	14052	23	93	11793	1	0.333333333333333	0.516397779494322	1.54919333848297
LT934125.1	+	UL47	GCGG	93	11788	11796	11792	12572.533849	8220.502901	11791	11793	3		9				93	11815	14052	11815	14052	23	93	11793	1	0.333333333333333	0.516397779494322	1.54919333848297
LT934125.1	+	UL47	GCTG	93	11785	11797	11793	32224.617316	18990.968376	11793	11796	4		13				93	11815	14052	11815	14052	22	93	11793	0	0.333333333333333	0.516397779494322	1.54919333848297
LT934125.1	+	UL47	TACG	93	11793	11796	11793	13628.620103	10789.324248	11793	11794	2		4				93	11815	14052	11815	14052	22	93	11793	0	0.333333333333333	0.516397779494322	1.54919333848297
LT934125.1	+	UL48	ACCG	78	10426	10433	10428	9561.813251	8204.071784	10428	10432	5		8				78	10473	11714	10473	11714	45	78	10430	2	1.2	0.447213595499958	0.372677996249965
LT934125.1	+	UL48	AGTG	78	10431	10435	10431	881.057268	566.393958	10431	10435	5		5				78	10473	11714	10473	11714	42	78	10430	-1	1.2	0.447213595499958	0.372677996249965
LT934125.1	+	UL48	ATGG	78	10431	10433	10431	1567.417164	1397.309875	10431	10433	3		3				78	10473	11714	10473	11714	42	78	10430	-1	1.2	0.447213595499958	0.372677996249965
LT934125.1	+	UL48	GCGG	78	10431	10431	10431	241.779497	241.779497	10431	10431	1		1				78	10473	11714	10473	11714	42	78	10430	-1	1.2	0.447213595499958	0.372677996249965
LT934125.1	+	UL48	GCTG	78	10431	10431	10431	600.28923	600.28923	10431	10431	1		1				78	10473	11714	10473	11714	42	78	10430	-1	1.2	0.447213595499958	0.372677996249965
LT934125.1	+	UL49	ACCG	65	9638	9644	9643	26935.141735	24680.64264	9643	9643	1		7				65	9657	10409	9657	10409	14	65	9646	3	0.5	1.22474487139159	2.44948974278318
LT934125.1	+	UL49	AGTG	65	9640	9646	9646	19697.923222	16928.886092	9644	9646	3		7				65	9657	10409	9657	10409	11	65	9646	0	0.5	1.22474487139159	2.44948974278318
LT934125.1	+	UL49	ATGG	65	9640	9646	9646	18371.587222	16050.837778	9644	9646	3		7				65	9657	10409	9657	10409	11	65	9646	0	0.5	1.22474487139159	2.44948974278318
LT934125.1	+	UL49	GCGG	65	9642	9647	9646	13297.87234	9671.179884	9644	9646	3		6				65	9657	10409	9657	10409	11	65	9646	0	0.5	1.22474487139159	2.44948974278318
LT934125.1	+	UL49	GCTG	65	9640	9647	9646	20791.836067	18336.107397	9646	9646	1		8				65	9657	10409	9657	10409	11	65	9646	0	0.5	1.22474487139159	2.44948974278318
LT934125.1	+	UL49	TACG	65	9639	9646	9646	23850.085179	22146.507666	9646	9646	1		8				65	9657	10409	9657	10409	11	65	9646	0	0.5	1.22474487139159	2.44948974278318
LT934125.1	+	UL49.5	ACCG	59	9265	9270	9270	12223.274642	10908.75041	9267	9270	4		6				59	9323	9619	9323	9619	53	59	9270	0	0	0	
LT934125.1	+	UL49.5	AGTG	59	9267	9270	9270	16677.155443	14474.512272	9269	9270	2		4				59	9323	9619	9323	9619	53	59	9270	0	0	0	
LT934125.1	+	UL49.5	ATGG	59	9267	9270	9270	11567.295659	9671.814437	9269	9270	2		4				59	9323	9619	9323	9619	53	59	9270	0	0	0	
LT934125.1	+	UL49.5	GCGG	59	9266	9270	9270	21276.595744	17891.682785	9269	9270	2		5				59	9323	9619	9323	9619	53	59	9270	0	0	0	
LT934125.1	+	UL49.5	GCTG	59	9257	9270	9270	15334.661246	12633.35971	9269	9270	2		14				59	9323	9619	9323	9619	53	59	9270	0	0	0	
LT934125.1	+	UL49.5	TACG	59	9266	9270	9270	19307.211812	16467.915957	9267	9270	4		5				59	9323	9619	9323	9619	53	59	9270	0	0	0	
LT934125.1	+	UL5	ACCG	700	88885	88888	88885	460.98384	248.499101	88885	88888	4		4				700	88923	91427	88923	91427	38	700	88885	0	0.833333333333333	1.16904519445001	1.40285423334001
LT934125.1	+	UL5	AGTG	700	88884	88888	88888	1699.181875	692.259283	88885	88888	4		5				700	88923	91427	88923	91427	35	700	88885	-3	0.833333333333333	1.16904519445001	1.40285423334001
LT934125.1	+	UL5	ATGG	700	88884	88888	88884	886.988008	534.622909	88884	88888	5		5				700	88923	91427	88923	91427	39	700	88885	1	0.833333333333333	1.16904519445001	1.40285423334001
LT934125.1	+	UL5	GCGG	700	88884	88888	88884	2417.794971	1934.235977	88884	88888	5		5				700	88923	91427	88923	91427	39	700	88885	1	0.833333333333333	1.16904519445001	1.40285423334001
LT934125.1	+	UL5	GCTG	700	88885	88888	88885	1091.434963	654.860978	88885	88888	4		4				700	88923	91427	88923	91427	38	700	88885	0	0.833333333333333	1.16904519445001	1.40285423334001
LT934125.1	+	UL5	TACG	700	88885	88886	88885	1135.718342	567.859171	88885	88886	2		2				700	88923	91427	88923	91427	38	700	88885	0	0.833333333333333	1.16904519445001	1.40285423334001
LT934125.1	+	UL51	ACCG	44	7585	7591	7591	388.955116	237.694793	7585	7591	7		7				44	7729	8439	7729	8439	138	44	7591	0	0	0	
LT934125.1	+	UL51	ATGG	44	7587	7591	7591	692.579677	340.214578	7588	7591	4		5				44	7729	8439	7729	8439	138	44	7591	0	0	0	
LT934125.1	+	UL51	GCGG	44	7587	7591	7591	3384.912959	1692.45648	7587	7591	5		5				44	7729	8439	7729	8439	138	44	7591	0	0	0	
LT934125.1	+	UL51	GCTG	44	7588	7591	7591	900.433845	654.860978	7588	7591	4		4				44	7729	8439	7729	8439	138	44	7591	0	0	0	
LT934125.1	+	UL9	AGTG	659	81481	81481	81481	62.932662	62.932662	81481	81481	1		1				659	81550	84090	81550	84090	69	659	81457	-24	31.6666666666667	14.1539158303748	0.446965763064466
LT934125.1	+	UL9	ATGG	658	81409	81409	81409	24.301041	24.301041	81409	81409	1		1				658	81550	84090	81550	84090	141	658	81457	48	31.6666666666667	14.1539158303748	0.446965763064466
LT934125.1	+	UL9	GCTG	659	81480	81481	81480	54.571748	27.285874	81480	81481	2		2				659	81550	84090	81550	84090	70	659	81457	-23	31.6666666666667	14.1539158303748	0.446965763064466
LT934125.1	+	US1	ACCG	887	115701	115701	115701	14.405745	14.405745	115701	115701	1		1				887	115740	116831	115740	116831	39	887	115719	18	8.75	6.18465843842649	0.706818107248742
LT934125.1	+	US1	AGTG	887	115725	115725	115725	125.865324	125.865324	115725	115725	1		1				887	115740	116831	115740	116831	15	887	115719	-6	8.75	6.18465843842649	0.706818107248742
LT934125.1	+	US1	GCTG	887	115725	115725	115725	81.857622	81.857622	115725	115725	1		1				887	115740	116831	115740	116831	15	887	115719	-6	8.75	6.18465843842649	0.706818107248742
LT934125.1	+	US1	TACG	887	115724	115724	115724	567.859171	567.859171	115724	115724	1		1				887	115740	116831	115740	116831	16	887	115719	-5	8.75	6.18465843842649	0.706818107248742
LT934125.1	+	US2	ACCG	1019	125221	125227	125225	1998.797121	1253.299816	125223	125225	3		7				1019	125308	126078	125308	126078	83	1019	125225	0	0	0	
LT934125.1	+	US2	ATGG	1019	125221	125227	125225	3851.715046	2284.297882	125223	125225	3		7				1019	125308	126078	125308	126078	83	1019	125225	0	0	0	
LT934125.1	+	US2	GCGG	1019	125219	125227	125225	6286.266925	4110.251451	125219	125225	7		9				1019	125308	126078	125308	126078	83	1019	125225	0	0	0	
LT934125.1	+	US2	GCTG	1019	125221	125227	125225	8676.907963	5157.030205	125223	125225	3		7				1019	125308	126078	125308	126078	83	1019	125225	0	0	0	
LT934125.1	+	US3	ACCG	918	117768	117769	117769	860.743265	734.692996	117768	117769	2		2				918	117833	118837	117833	118837	64	918	117769	0	0	0	
LT934125.1	+	US3	AGTG	918	117768	117769	117769	6293.266205	4908.74764	117768	117769	2		2				918	117833	118837	117833	118837	64	918	117769	0	0	0	
LT934125.1	+	US3	ATGG	918	117768	117770	117769	2004.835908	1530.965602	117768	117769	2		3				918	117833	118837	117833	118837	64	918	117769	0	0	0	
LT934125.1	+	US3	GCGG	918	117768	117769	117769	6044.487427	5319.148936	117768	117769	2		2				918	117833	118837	117833	118837	64	918	117769	0	0	0	
LT934125.1	+	US3	TACG	918	117768	117770	117769	3407.155026	2271.436684	117768	117770	3		3				918	117833	118837	117833	118837	64	918	117769	0	0	0	
LT934125.1	+	US4	ACCG	932	118860	118864	118864	41189.626424	30972.351774	118861	118864	4		5				932	118897	120396	118897	120396	33	932	118864	0	0	0	
LT934125.1	+	US4	AGTG	932	118853	118864	118864	55821.271239	41409.69163	118861	118864	4		12				932	118897	120396	118897	120396	33	932	118864	0	0	0	
LT934125.1	+	US4	ATGG	932	118860	118864	118864	46524.343569	32138.127119	118860	118864	5		5				932	118897	120396	118897	120396	33	932	118864	0	0	0	
LT934125.1	+	US4	GCGG	932	118860	118866	118864	79787.234042	56334.622824	118860	118864	5		7				932	118897	120396	118897	120396	33	932	118864	0	0	0	
LT934125.1	+	US4	GCTG	932	118858	118864	118864	52088.733662	36617.643046	118861	118864	4		7				932	118897	120396	118897	120396	33	932	118864	0	0	0	
LT934125.1	+	US4	TACG	932	118858	118866	118864	54514.480409	36342.986939	118858	118864	7		9				932	118897	120396	118897	120396	33	932	118864	0	0	0	
LT934125.1	+	US6	ACCG	962	120552	120557	120552	8023.999971	5787.508058	120552	120557	6		6				962	120576	121778	120576	121778	24	962	120554	2	1.16666666666667	0.408248290463863	0.349927106111883
LT934125.1	+	US6	AGTG	962	120554	120557	120555	3775.959723	2517.306482	120555	120557	3		4				962	120576	121778	120576	121778	21	962	120554	-1	1.16666666666667	0.408248290463863	0.349927106111883
LT934125.1	+	US6	ATGG	962	120554	120557	120555	5710.744705	4337.735872	120555	120557	3		4				962	120576	121778	120576	121778	21	962	120554	-1	1.16666666666667	0.408248290463863	0.349927106111883
LT934125.1	+	US6	GCGG	962	120554	120565	120555	6769.825918	3384.912959	120555	120557	3		12				962	120576	121778	120576	121778	21	962	120554	-1	1.16666666666667	0.408248290463863	0.349927106111883
LT934125.1	+	US6	GCTG	962	120554	120557	120555	3438.020137	2674.015662	120555	120557	3		4				962	120576	121778	120576	121778	21	962	120554	-1	1.16666666666667	0.408248290463863	0.349927106111883
LT934125.1	+	US6	TACG	962	120555	120557	120555	3975.014197	2271.436684	120555	120557	3		3				962	120576	121778	120576	121778	21	962	120554	-1	1.16666666666667	0.408248290463863	0.349927106111883
LT934125.1	+	US7	ACCG	975	121782	121786	121784	10869.134611	5917.159763	121784	121786	3		5				975	121799	122896	121799	122896	15	975	121784	0	0	0	
LT934125.1	+	US7	AGTG	975	121784	121786	121784	11076.148522	5538.074261	121784	121786	3		3				975	121799	122896	121799	122896	15	975	121784	0	0	0	
LT934125.1	+	US7	ATGG	975	121784	121786	121784	6779.990522	3535.801509	121784	121786	3		3				975	121799	122896	121799	122896	15	975	121784	0	0	0	
LT934125.1	+	US7	GCGG	975	121783	121784	121784	9912.959381	6769.825919	121783	121784	2		2				975	121799	122896	121799	122896	15	975	121784	0	0	0	
LT934125.1	+	US7	GCTG	975	121784	121786	121784	4202.024612	2455.728669	121784	121786	3		3				975	121799	122896	121799	122896	15	975	121784	0	0	0	
LT934125.1	+	US7	TACG	975	121784	121786	121784	10789.324247	6246.45088	121784	121786	3		3				975	121799	122896	121799	122896	15	975	121784	0	0	0	
LT934125.1	+	US8	ACCG	991	122978	122983	122979	2755.098733	1829.529616	122979	122981	3		6				991	123000	124730	123000	124730	21	991	122978	-1	1.16666666666667	0.408248290463863	0.349927106111883
LT934125.1	+	US8	AGTG	991	122973	122981	122979	9943.360605	7300.188798	122979	122981	3		9				991	123000	124730	123000	124730	21	991	122978	-1	1.16666666666667	0.408248290463863	0.349927106111883
LT934125.1	+	US8	ATGG	991	122977	122983	122979	4131.177021	2527.308295	122979	122981	3		7				991	123000	124730	123000	124730	21	991	122978	-1	1.16666666666667	0.408248290463863	0.349927106111883
LT934125.1	+	US8	GCGG	991	122979	122988	122979	6286.266924	4352.030948	122979	122983	5		10				991	123000	124730	123000	124730	21	991	122978	-1	1.16666666666667	0.408248290463863	0.349927106111883
LT934125.1	+	US8	GCTG	991	122976	122983	122976	3001.446151	1582.580698	122976	122981	6		8				991	123000	124730	123000	124730	24	991	122978	2	1.16666666666667	0.408248290463863	0.349927106111883
LT934125.1	+	US8	TACG	991	122978	122981	122979	5678.591709	3975.014196	122978	122981	4		4				991	123000	124730	123000	124730	21	991	122978	-1	1.16666666666667	0.408248290463863	0.349927106111883
LT934125.1	+	US9	ACCG	1013	124751	124756	124756	6867.938934	6788.707336	124756	124756	1		6				1013	124788	125084	124788	125084	32	1013	124756	0	0.5	1.22474487139159	2.44948974278318
LT934125.1	+	US9	AGTG	1013	124756	124756	124756	3146.633103	3146.633103	124756	124756	1		1				1013	124788	125084	124788	125084	32	1013	124756	0	0.5	1.22474487139159	2.44948974278318
LT934125.1	+	US9	ATGG	1013	124754	124756	124756	7423.968117	7399.667076	124756	124756	1		3				1013	124788	125084	124788	125084	32	1013	124756	0	0.5	1.22474487139159	2.44948974278318
LT934125.1	+	US9	GCGG	1013	124753	124753	124753	4835.589942	4835.589942	124753	124753	1		1				1013	124788	125084	124788	125084	35	1013	124756	3	0.5	1.22474487139159	2.44948974278318
LT934125.1	+	US9	GCTG	1013	124754	124756	124756	4011.023493	3956.451745	124756	124756	1		3				1013	124788	125084	124788	125084	32	1013	124756	0	0.5	1.22474487139159	2.44948974278318
LT934125.1	+	US9	TACG	1013	124756	124756	124756	2271.436684	2271.436684	124756	124756	1		1				1013	124788	125084	124788	125084	32	1013	124756	0	0.5	1.22474487139159	2.44948974278318
LT934125.1	-	AZURE	AGTG	2031	118809	118809	118809	62.932662	62.932662	118809	118809	1		1				2031	117251	118739	118739	117251	-70	2031	118809	0	0	0	
LT934125.1	-	AZURE	GCTG	2031	118809	118809	118809	27.285874	27.285874	118809	118809	1		1				2031	117251	118739	118739	117251	-70	2031	118809	0	0	0	
LT934125.1	-	CTO-L	ACCG	1655	65749	65752	65752	2917.163364	1897.956905	65750	65752	3	UL21	4				1655	63164	65752	65752	63164	0	1655	65753	1	1.33333333333333	0.816496580927726	0.612372435695795
LT934125.1	-	CTO-L	AGTG	1655	65747	65752	65752	1699.181875	881.057269	65749	65752	4	UL21	6				1655	63164	65752	65752	63164	0	1655	65753	1	1.33333333333333	0.816496580927726	0.612372435695795
LT934125.1	-	CTO-L	ATGG	1655	65748	65752	65752	5382.680648	3061.931204	65749	65752	4	UL21	5				1655	63164	65752	65752	63164	0	1655	65753	1	1.33333333333333	0.816496580927726	0.612372435695795
LT934125.1	-	CTO-L	GCGG	1655	65746	65752	65752	5560.928432	3143.133462	65748	65752	5	UL21	7				1655	63164	65752	65752	63164	0	1655	65753	1	1.33333333333333	0.816496580927726	0.612372435695795
LT934125.1	-	CTO-L	GCTG	1655	65747	65756	65756	3465.30601	1937.297061	65748	65756	9		10				1655	63164	65752	65752	63164	-4	1655	65753	-3	1.33333333333333	0.816496580927726	0.612372435695795
LT934125.1	-	CTO-L	TACG	1655	65752	65752	65752	2271.436684	2271.436684	65752	65752	1	UL21	1				1655	63164	65752	65752	63164	0	1655	65753	1	1.33333333333333	0.816496580927726	0.612372435695795
LT934125.1	-	CTO-M	ACCG	1637	64179	64179	64179	14.405745	14.405745	64179	64179	1	UL21	1				1637	63164	64127	64127	63164	-52	1637	64180	1	0.5	0.707106781186548	1.4142135623731
LT934125.1	-	CTO-M	AGTG	1637	64180	64180	64180	62.932662	62.932662	64180	64180	1	UL21	1				1637	63164	64127	64127	63164	-53	1637	64180	0	0.5	0.707106781186548	1.4142135623731
LT934125.1	-	CTO-S	ACCG	1629	63420	63438	63420	274868.817685	245290.22174	63420	63421	2	UL21	19				1629	63164	63420	63420	63164	0	1629	63420	0	0	0	
LT934125.1	-	CTO-S	AGTG	1629	63420	63423	63420	88609.188168	88168.659534	63420	63420	1	UL21	4				1629	63164	63420	63420	63164	0	1629	63420	0	0	0	
LT934125.1	-	CTO-S	ATGG	1629	63417	63438	63420	241600.9526	201929.502679	63420	63420	1	UL21	22				1629	63164	63420	63420	63164	0	1629	63420	0	0	0	
LT934125.1	-	CTO-S	GCGG	1629	63420	63424	63420	134187.620889	126208.897485	63420	63420	1	UL21	5				1629	63164	63420	63420	63164	0	1629	63420	0	0	0	
LT934125.1	-	CTO-S	GCTG	1629	63417	63425	63420	84258.779229	71407.132527	63420	63420	1	UL21	9				1629	63164	63420	63420	63164	0	1629	63420	0	0	0	
LT934125.1	-	CTO-S	TACG	1629	63420	63423	63420	70414.537194	65871.663827	63420	63420	1	UL21	4				1629	63164	63420	63420	63164	0	1629	63420	0	0	0	
LT934125.1	-	Ep0	ACCG	1874	97361	97362	97361	504.201076	478.991022	97361	97361	1		2				1874	96114	97346	97346	96114	-15	1874	97361	0	0	0	
LT934125.1	-	Ep0	GCTG	1874	97361	97368	97361	1910.011187	1773.581817	97361	97361	1		8				1874	96114	97346	97346	96114	-15	1874	97361	0	0	0	
LT934125.1	-	IE180	ACCG	1946	107366	107380	107369	601.439854	432.17235	107369	107373	5		15				1946	102945	107297	107297	102945	-72	1946	107369	0	1.16666666666667	1.83484785926972	1.5727267365169
LT934125.1	-	IE180	AGTG	1946	107366	107382	107369	6607.929514	4908.74764	107369	107378	10		17				1946	102945	107297	107297	102945	-72	1946	107369	0	1.16666666666667	1.83484785926972	1.5727267365169
LT934125.1	-	IE180	ATGG	1946	107366	107382	107369	1057.095296	704.730198	107368	107372	5		17				1946	102945	107297	107297	102945	-72	1946	107369	0	1.16666666666667	1.83484785926972	1.5727267365169
LT934125.1	-	IE180	GCGG	1946	107368	107372	107369	2659.574468	1934.235977	107368	107369	2		5				1946	102945	107297	107297	102945	-72	1946	107369	0	1.16666666666667	1.83484785926972	1.5727267365169
LT934125.1	-	IE180	GCTG	1946	107369	107375	107372	873.147971	682.146853	107370	107372	3		7				1946	102945	107297	107297	102945	-75	1946	107369	-3	1.16666666666667	1.83484785926972	1.5727267365169
LT934125.1	-	IE180	TACG	1946	107365	107365	107365	567.859171	567.859171	107365	107365	1		1				1946	102945	107297	107297	102945	-68	1946	107369	4	1.16666666666667	1.83484785926972	1.5727267365169
LT934125.1	-	NOIR_2	ACCG	2156	136235	136244	136235	7739.486507	7710.675017	136235	136235	1	NOIR_2	10				2156	134888	136235	136235	134888	0	2156	136235	0	0	0	
LT934125.1	-	NOIR_2	AGTG	2156	136235	136238	136235	16740.088106	16677.155444	136235	136235	1	NOIR_2	4				2156	134888	136235	136235	134888	0	2156	136235	0	0	0	
LT934125.1	-	NOIR_2	ATGG	2156	136235	136238	136235	12587.939393	12551.487831	136235	136235	1	NOIR_2	4				2156	134888	136235	136235	134888	0	2156	136235	0	0	0	
LT934125.1	-	NOIR_2	GCGG	2156	136231	136235	136235	8704.061895	7736.943907	136234	136235	2	NOIR_2	5				2156	134888	136235	136235	134888	0	2156	136235	0	0	0	
LT934125.1	-	NOIR_2	GCTG	2156	136235	136244	136235	8731.479712	8595.050342	136235	136235	1	NOIR_2	10				2156	134888	136235	136235	134888	0	2156	136235	0	0	0	
LT934125.1	-	NOIR_2	TACG	2156	136232	136235	136235	4542.873367	3975.014196	136232	136235	4	NOIR_2	4				2156	134888	136235	136235	134888	0	2156	136235	0	0	0	
LT934125.1	-	UL1	ACCG	1842	94943	94950	94946	6208.8761	3342.132843	94946	94947	2		8				1842	94461	94931	94931	94461	-15	1842	94946	0	0.333333333333333	0.516397779494322	1.54919333848297
LT934125.1	-	UL1	AGTG	1842	94945	94948	94946	12334.801762	5349.276274	94946	94948	3		4				1842	94461	94931	94931	94461	-15	1842	94946	0	0.333333333333333	0.516397779494322	1.54919333848297
LT934125.1	-	UL1	ATGG	1842	94947	94950	94947	11008.371709	10510.200362	94947	94947	1		4				1842	94461	94931	94931	94461	-16	1842	94946	-1	0.333333333333333	0.516397779494322	1.54919333848297
LT934125.1	-	UL1	GCGG	1842	94947	94950	94947	16924.564797	14506.769826	94947	94948	2		4				1842	94461	94931	94931	94461	-16	1842	94946	-1	0.333333333333333	0.516397779494322	1.54919333848297
LT934125.1	-	UL1	GCTG	1842	94943	94950	94946	9659.199431	4311.168108	94945	94947	3		8				1842	94461	94931	94931	94461	-15	1842	94946	0	0.333333333333333	0.516397779494322	1.54919333848297
LT934125.1	-	UL1	TACG	1842	94943	94948	94946	16467.915957	7950.028393	94946	94948	3		6				1842	94461	94931	94931	94461	-15	1842	94946	0	0.333333333333333	0.516397779494322	1.54919333848297
LT934125.1	-	UL10	ACCG	1740	81565	81565	81565	79.231598	79.231598	81565	81565	1		1				1740	80370	81551	81551	80370	-14	1740	81625	60	61.25	0.957427107756338	0.0156314629837769
LT934125.1	-	UL10	ATGG	1740	81563	81563	81563	121.505206	121.505206	81563	81563	1		1				1740	80370	81551	81551	80370	-12	1740	81625	62	61.25	0.957427107756338	0.0156314629837769
LT934125.1	-	UL10	GCGG	1742	81687	81687	81687	483.558994	483.558994	81687	81687	1		1				1742	80370	81551	81551	80370	-136	1742	81625	-62	61.25	0.957427107756338	0.0156314629837769
LT934125.1	-	UL10	TACG	1742	81686	81686	81686	567.859171	567.859171	81686	81686	1		1				1742	80370	81551	81551	80370	-135	1742	81625	-61	61.25	0.957427107756338	0.0156314629837769
LT934125.1	-	UL15	ACCG	1712	76860	76863	76860	97.238779	54.021544	76860	76863	4		4				1712	71647	76754	76754	71647	-106	1712	76862	2	1.16666666666667	0.408248290463863	0.349927106111883
LT934125.1	-	UL15	AGTG	1712	76860	76869	76863	818.124606	440.528634	76860	76863	4		10				1712	71647	76754	76754	71647	-109	1712	76862	-1	1.16666666666667	0.408248290463863	0.349927106111883
LT934125.1	-	UL15	ATGG	1712	76860	76867	76863	182.25781	109.354686	76860	76867	8		8				1712	71647	76754	76754	71647	-109	1712	76862	-1	1.16666666666667	0.408248290463863	0.349927106111883
LT934125.1	-	UL15	GCGG	1712	76860	76863	76863	1450.676982	725.338491	76860	76863	4		4				1712	71647	76754	76754	71647	-109	1712	76862	-1	1.16666666666667	0.408248290463863	0.349927106111883
LT934125.1	-	UL15	GCTG	1712	76860	76870	76863	409.288111	245.572867	76862	76869	8		11				1712	71647	76754	76754	71647	-109	1712	76862	-1	1.16666666666667	0.408248290463863	0.349927106111883
LT934125.1	-	UL15	TACG	1712	76863	76863	76863	567.859171	567.859171	76863	76863	1		1				1712	71647	76754	76754	71647	-109	1712	76862	-1	1.16666666666667	0.408248290463863	0.349927106111883
LT934125.1	-	UL2	ACCG	1837	94526	94530	94526	731.091561	565.425492	94526	94530	5	UL1	5				1837	93521	94483	94483	93521	-43	1837	94526	0	0	0	
LT934125.1	-	UL2	AGTG	1837	94526	94529	94526	3335.431089	2013.845186	94526	94529	4	UL1	4				1837	93521	94483	94483	93521	-43	1837	94526	0	0	0	
LT934125.1	-	UL2	ATGG	1837	94526	94529	94526	668.278635	340.214578	94526	94529	4	UL1	4				1837	93521	94483	94483	93521	-43	1837	94526	0	0	0	
LT934125.1	-	UL2	GCGG	1837	94526	94530	94526	2176.015474	1934.235977	94526	94530	5	UL1	5				1837	93521	94483	94483	93521	-43	1837	94526	0	0	0	
LT934125.1	-	UL2	GCTG	1837	94526	94533	94526	1446.151328	927.71972	94526	94529	4	UL1	8				1837	93521	94483	94483	93521	-43	1837	94526	0	0	0	
LT934125.1	-	UL2	TACG	1837	94526	94528	94526	1135.718342	567.859171	94526	94528	3	UL1	3				1837	93521	94483	94483	93521	-43	1837	94526	0	0	0	
LT934125.1	-	UL24	ACCG	1614	59277	59282	59277	2290.513458	2150.057443	59277	59277	1		6				1614	58648	59163	59163	58648	-114	1614	59277	0	0.166666666666667	0.408248290463863	2.44948974278318
LT934125.1	-	UL24	AGTG	1614	59277	59281	59277	2580.239144	2139.71051	59277	59279	3		5				1614	58648	59163	59163	58648	-114	1614	59277	0	0.166666666666667	0.408248290463863	2.44948974278318
LT934125.1	-	UL24	ATGG	1614	59276	59279	59277	2369.351527	2126.341114	59277	59277	1		4				1614	58648	59163	59163	58648	-114	1614	59277	0	0.166666666666667	0.408248290463863	2.44948974278318
LT934125.1	-	UL24	GCGG	1614	59276	59277	59277	4835.589942	4110.251451	59276	59277	2		2				1614	58648	59163	59163	58648	-114	1614	59277	0	0.166666666666667	0.408248290463863	2.44948974278318
LT934125.1	-	UL24	GCTG	1614	59276	59281	59277	4665.884472	3874.594123	59277	59277	1		6				1614	58648	59163	59163	58648	-114	1614	59277	0	0.166666666666667	0.408248290463863	2.44948974278318
LT934125.1	-	UL24	TACG	1614	59276	59279	59276	2271.436684	1135.718342	59276	59279	4		4				1614	58648	59163	59163	58648	-113	1614	59277	1	0.166666666666667	0.408248290463863	2.44948974278318
LT934125.1	-	UL25	ACCG	1607	58568	58574	58572	1375.748649	424.969478	58571	58574	4		7				1607	56951	58555	58555	56951	-17	1607	58571	-1	0.6	0.547722557505166	0.912870929175277
LT934125.1	-	UL25	AGTG	1607	58571	58574	58571	314.66331	125.865324	58571	58574	4		4				1607	56951	58555	58555	56951	-16	1607	58571	0	0.6	0.547722557505166	0.912870929175277
LT934125.1	-	UL25	ATGG	1607	58570	58575	58570	303.763017	145.806248	58570	58575	6		6				1607	56951	58555	58555	56951	-15	1607	58571	1	0.6	0.547722557505166	0.912870929175277
LT934125.1	-	UL25	GCGG	1607	58571	58571	58571	241.779497	241.779497	58571	58571	1		1				1607	56951	58555	58555	56951	-16	1607	58571	0	0.6	0.547722557505166	0.912870929175277
LT934125.1	-	UL25	GCTG	1607	58570	58572	58570	218.286993	136.429371	58570	58572	3		3				1607	56951	58555	58555	56951	-15	1607	58571	1	0.6	0.547722557505166	0.912870929175277
LT934125.1	-	UL26	ACCG	1589	56944	56950	56949	2611.041283	1905.159778	56944	56949	6		7				1589	55343	56917	56917	55343	-32	1589	56946	-3	0.5	1.22474487139159	2.44948974278318
LT934125.1	-	UL26	AGTG	1589	56944	56950	56946	943.989931	629.326621	56944	56946	3		7				1589	55343	56917	56917	55343	-29	1589	56946	0	0.5	1.22474487139159	2.44948974278318
LT934125.1	-	UL26	ATGG	1589	56944	56948	56946	2053.43799	1397.309875	56944	56947	4		5				1589	55343	56917	56917	55343	-29	1589	56946	0	0.5	1.22474487139159	2.44948974278318
LT934125.1	-	UL26	GCGG	1589	56946	56947	56946	5319.148936	4110.251451	56946	56947	2		2				1589	55343	56917	56917	55343	-29	1589	56946	0	0.5	1.22474487139159	2.44948974278318
LT934125.1	-	UL26	GCTG	1589	56944	56947	56946	1418.865454	982.291468	56944	56946	3		4				1589	55343	56917	56917	55343	-29	1589	56946	0	0.5	1.22474487139159	2.44948974278318
LT934125.1	-	UL26	TACG	1589	56946	56946	56946	3975.014196	3975.014196	56946	56946	1		1				1589	55343	56917	56917	55343	-29	1589	56946	0	0.5	1.22474487139159	2.44948974278318
LT934125.1	-	UL26.5	ACCG	1577	56189	56193	56190	28210.050167	11301.306961	56190	56192	3	UL26	5				1577	55343	56179	56179	55343	-11	1577	56189	-1	1	0	0
LT934125.1	-	UL26.5	AGTG	1577	56188	56194	56190	29515.418502	12586.53241	56188	56192	5	UL26	7				1577	55343	56179	56179	55343	-11	1577	56189	-1	1	0	0
LT934125.1	-	UL26.5	ATGG	1577	56188	56194	56188	24762.761084	13863.744061	56188	56193	6	UL26	7				1577	55343	56179	56179	55343	-9	1577	56189	1	1	0	0
LT934125.1	-	UL26.5	GCGG	1577	56188	56195	56188	37959.381044	15473.887814	56188	56193	6	UL26	8				1577	55343	56179	56179	55343	-9	1577	56189	1	1	0	0
LT934125.1	-	UL26.5	GCTG	1577	56188	56193	56188	24338.999701	17162.814811	56188	56190	3	UL26	6				1577	55343	56179	56179	55343	-9	1577	56189	1	1	0	0
LT934125.1	-	UL26.5	TACG	1577	56188	56192	56188	36910.846109	21010.789324	56188	56192	5	UL26	5				1577	55343	56179	56179	55343	-9	1577	56189	1	1	0	0
LT934125.1	-	UL27	GCTG	1292	19470	19480	19471	18663.537887	11405.495375	19471	19473	3	UL28	11				1292	16625	19375	19375	16625	-96	1292	19471	0	0	0	
LT934125.1	-	UL27	TACG	1292	19470	19473	19471	18171.49347	10789.324248	19471	19473	3	UL28	4				1292	16625	19375	19375	16625	-96	1292	19471	0	0	0	
LT934125.1	-	UL28	ACCG	1304	21471	21473	21473	111.644524	93.637343	21471	21473	3		3				1304	19246	21402	21402	19246	-71	1304	21473	0	0.4	0.894427190999916	2.23606797749979
LT934125.1	-	UL28	AGTG	1304	21473	21477	21473	251.730648	188.797986	21473	21477	5		5				1304	19246	21402	21402	19246	-71	1304	21473	0	0.4	0.894427190999916	2.23606797749979
LT934125.1	-	UL28	ATGG	1304	21473	21473	21473	121.505206	121.505206	21473	21473	1		1				1304	19246	21402	21402	19246	-71	1304	21473	0	0.4	0.894427190999916	2.23606797749979
LT934125.1	-	UL28	GCGG	1304	21475	21475	21475	241.779497	241.779497	21475	21475	1		1				1304	19246	21402	21402	19246	-73	1304	21473	-2	0.4	0.894427190999916	2.23606797749979
LT934125.1	-	UL28	GCTG	1304	21473	21477	21473	54.571748	27.285874	21473	21477	5		5				1304	19246	21402	21402	19246	-71	1304	21473	0	0.4	0.894427190999916	2.23606797749979
LT934125.1	-	UL29	TACG	1350	25313	25313	25313	6246.45088	6246.45088	25313	25313	1		1				1350	21554	25087	25087	21554	-226	1350	25313	0	0		
LT934125.1	-	UL3	ACCG	1820	93466	93479	93466	338.535008	165.666068	93466	93472	7		14				1820	92749	93465	93465	92749	-1	1820	93468	2	2	1.22474487139159	0.612372435695795
LT934125.1	-	UL3	AGTG	1820	93466	93483	93472	1510.383889	881.057269	93466	93479	14		18				1820	92749	93465	93465	92749	-7	1820	93468	-4	2	1.22474487139159	0.612372435695795
LT934125.1	-	UL3	ATGG	1820	93467	93473	93467	315.913537	267.311454	93467	93473	7		7				1820	92749	93465	93465	92749	-2	1820	93468	1	2	1.22474487139159	0.612372435695795
LT934125.1	-	UL3	GCGG	1820	93467	93480	93467	725.338491	241.779497	93467	93480	14		14				1820	92749	93465	93465	92749	-2	1820	93468	1	2	1.22474487139159	0.612372435695795
LT934125.1	-	UL3	GCTG	1820	93466	93480	93466	982.291467	600.28923	93466	93477	12		15				1820	92749	93465	93465	92749	-1	1820	93468	2	2	1.22474487139159	0.612372435695795
LT934125.1	-	UL3.5	ACCG	1812	92774	92777	92774	75.630161	61.224416	92774	92777	4	UL3	4				1812	92099	92752	92752	92099	-22	1812	92774	0	0.333333333333333	0.577350269189626	1.73205080756888
LT934125.1	-	UL3.5	AGTG	1812	92773	92774	92773	125.865324	62.932662	92773	92774	2	UL3	2				1812	92099	92752	92752	92099	-21	1812	92774	1	0.333333333333333	0.577350269189626	1.73205080756888
LT934125.1	-	UL3.5	GCTG	1812	92772	92774	92774	163.715244	81.857622	92772	92774	3	UL3	3				1812	92099	92752	92752	92099	-22	1812	92774	0	0.333333333333333	0.577350269189626	1.73205080756888
LT934125.1	-	UL31	TACG	1391	29407	29415	29407	10221.465077	3975.014196	29407	29415	9	UL32	9				1391	28501	29316	29316	28501	-91	1391	29407	0	0		
LT934125.1	-	UL32	ACCG	1406	30877	30881	30877	320.527827	280.912028	30877	30878	2		5				1406	29309	30721	30721	29309	-156	1406	30837	-40	53.6666666666667	23.6713610367747	0.441081261554807
LT934125.1	-	UL32	GCGG	1406	30877	30877	30877	725.338491	725.338491	30877	30877	1		1				1406	29309	30721	30721	29309	-156	1406	30837	-40	53.6666666666667	23.6713610367747	0.441081261554807
LT934125.1	-	UL32	TACG	1404	30756	30756	30756	567.859171	567.859171	30756	30756	1		1				1404	29309	30721	30721	29309	-35	1404	30837	81	53.6666666666667	23.6713610367747	0.441081261554807
LT934125.1	-	UL36	ACCG	1484	41995	41999	41995	12291.701932	11463.371593	41995	41995	1		5				1484	32705	41983	41983	32705	-12	1484	41996	1	1.16666666666667	0.408248290463863	0.349927106111883
LT934125.1	-	UL36	AGTG	1484	41995	41999	41995	2139.71051	1321.585903	41995	41997	3		5				1484	32705	41983	41983	32705	-12	1484	41996	1	1.16666666666667	0.408248290463863	0.349927106111883
LT934125.1	-	UL36	ATGG	1484	41997	41998	41998	10485.89932	9805.470164	41998	41998	1		2				1484	32705	41983	41983	32705	-15	1484	41996	-2	1.16666666666667	0.408248290463863	0.349927106111883
LT934125.1	-	UL36	GCGG	1484	41992	42001	41995	4835.589941	3384.912959	41992	41995	4		10				1484	32705	41983	41983	32705	-12	1484	41996	1	1.16666666666667	0.408248290463863	0.349927106111883
LT934125.1	-	UL36	GCTG	1484	41992	41999	41995	4420.311605	3656.30713	41995	41995	1		8				1484	32705	41983	41983	32705	-12	1484	41996	1	1.16666666666667	0.408248290463863	0.349927106111883
LT934125.1	-	UL36	TACG	1484	41995	41995	41995	2839.295855	2839.295855	41995	41995	1		1				1484	32705	41983	41983	32705	-12	1484	41996	1	1.16666666666667	0.408248290463863	0.349927106111883
LT934125.1	-	UL37	ACCG	1502	44889	44895	44889	4058.818656	2697.475753	44889	44894	6		7				1502	42021	44780	44780	42021	-109	1502	44890	1	1.2	0.447213595499958	0.372677996249965
LT934125.1	-	UL37	AGTG	1502	44889	44893	44892	2580.239144	1573.316551	44892	44893	2		5				1502	42021	44780	44780	42021	-112	1502	44890	-2	1.2	0.447213595499958	0.372677996249965
LT934125.1	-	UL37	ATGG	1502	44889	44893	44889	3523.650988	2077.739031	44889	44893	5		5				1502	42021	44780	44780	42021	-109	1502	44890	1	1.2	0.447213595499958	0.372677996249965
LT934125.1	-	UL37	GCGG	1502	44889	44893	44889	2176.015474	1450.676983	44889	44893	5		5				1502	42021	44780	44780	42021	-109	1502	44890	1	1.2	0.447213595499958	0.372677996249965
LT934125.1	-	UL37	TACG	1502	44889	44889	44889	1135.718342	1135.718342	44889	44889	1		1				1502	42021	44780	44780	42021	-109	1502	44890	1	1.2	0.447213595499958	0.372677996249965
LT934125.1	-	UL41	ACCG	1540	51146	51148	51147	1545.016152	1224.488326	51147	51148	2		3				1540	50044	51141	51141	50044	-6	1540	51147	0	0	0	
LT934125.1	-	UL41	AGTG	1540	51141	51150	51147	2643.171805	1573.316551	51146	51150	5		10				1540	50044	51141	51141	50044	-6	1540	51147	0	0	0	
LT934125.1	-	UL41	ATGG	1540	51147	51147	51147	1154.299462	1154.299462	51147	51147	1		1				1540	50044	51141	51141	50044	-6	1540	51147	0	0	0	
LT934125.1	-	UL41	GCGG	1540	51147	51147	51147	3384.912959	3384.912959	51147	51147	1		1				1540	50044	51141	51141	50044	-6	1540	51147	0	0	0	
LT934125.1	-	UL41	GCTG	1540	51147	51149	51147	736.718601	709.432727	51147	51147	1		3				1540	50044	51141	51141	50044	-6	1540	51147	0	0	0	
LT934125.1	-	UL41	TACG	1540	51144	51147	51147	6814.310051	6246.45088	51147	51147	1		4				1540	50044	51141	51141	50044	-6	1540	51147	0	0	0	
LT934125.1	-	UL50	ACCG	1213	9494	9498	9494	749.098741	558.222619	9494	9498	5		5				1213	8593	9399	9399	8593	-95	1213	9494	0	0	0	
LT934125.1	-	UL50	AGTG	1213	9494	9501	9494	7929.515418	5726.872247	9494	9495	2		8				1213	8593	9399	9399	8593	-95	1213	9494	0	0	0	
LT934125.1	-	UL50	ATGG	1213	9494	9500	9494	2162.792676	1688.92237	9494	9500	7		7				1213	8593	9399	9399	8593	-95	1213	9494	0	0	0	
LT934125.1	-	UL50	GCGG	1213	9494	9499	9494	4352.030947	3143.133462	9494	9499	6		6				1213	8593	9399	9399	8593	-95	1213	9494	0	0	0	
LT934125.1	-	UL50	GCTG	1213	9494	9498	9494	873.147971	709.432727	9494	9497	4		5				1213	8593	9399	9399	8593	-95	1213	9494	0	0	0	
LT934125.1	-	UL50	TACG	1213	9494	9498	9494	4542.873367	3975.014196	9494	9498	5		5				1213	8593	9399	9399	8593	-95	1213	9494	0	0	0	
LT934125.1	-	UL52	ACCG	1200	7761	7761	7761	18.007181	18.007181	7761	7761	1		1				1200	4854	7742	7742	4854	-19	1200	7759	-2	1.2	0.447213595499958	0.372677996249965
LT934125.1	-	UL52	AGTG	1200	7758	7758	7758	188.797986	188.797986	7758	7758	1		1				1200	4854	7742	7742	4854	-16	1200	7759	1	1.2	0.447213595499958	0.372677996249965
LT934125.1	-	UL52	ATGG	1200	7758	7758	7758	24.301041	24.301041	7758	7758	1		1				1200	4854	7742	7742	4854	-16	1200	7759	1	1.2	0.447213595499958	0.372677996249965
LT934125.1	-	UL52	GCTG	1200	7758	7758	7758	54.571748	54.571748	7758	7758	1		1				1200	4854	7742	7742	4854	-16	1200	7759	1	1.2	0.447213595499958	0.372677996249965
LT934125.1	-	UL52	TACG	1200	7758	7758	7758	567.859171	567.859171	7758	7758	1		1				1200	4854	7742	7742	4854	-16	1200	7759	1	1.2	0.447213595499958	0.372677996249965
LT934125.1	-	UL53	ACCG	1187	4924	4926	4925	360.143625	190.876121	4925	4926	2	UL52	3				1187	3961	4899	4899	3961	-26	1187	4926	1	1.16666666666667	0.408248290463863	0.349927106111883
LT934125.1	-	UL53	AGTG	1187	4924	4926	4925	1447.451227	943.989931	4925	4926	2	UL52	3				1187	3961	4899	4899	3961	-26	1187	4926	1	1.16666666666667	0.408248290463863	0.349927106111883
LT934125.1	-	UL53	ATGG	1187	4924	4928	4925	376.66614	206.558851	4925	4928	4	UL52	5				1187	3961	4899	4899	3961	-26	1187	4926	1	1.16666666666667	0.408248290463863	0.349927106111883
LT934125.1	-	UL53	GCGG	1187	4925	4926	4925	1692.456479	967.117988	4925	4926	2	UL52	2				1187	3961	4899	4899	3961	-26	1187	4926	1	1.16666666666667	0.408248290463863	0.349927106111883
LT934125.1	-	UL53	GCTG	1187	4924	4928	4925	927.71972	709.432727	4925	4926	2	UL52	5				1187	3961	4899	4899	3961	-26	1187	4926	1	1.16666666666667	0.408248290463863	0.349927106111883
LT934125.1	-	UL53	TACG	1187	4926	4928	4928	2271.436684	1135.718342	4926	4928	3	UL52	3				1187	3961	4899	4899	3961	-29	1187	4926	-2	1.16666666666667	0.408248290463863	0.349927106111883
LT934125.1	-	UL54	ACCG	1176	3910	3910	3910	147.658886	147.658886	3910	3910	1		1				1176	2797	3882	3882	2797	-28	1176	3911	1	1.2	0.447213595499958	0.372677996249965
LT934125.1	-	UL54	AGTG	1176	3910	3910	3910	943.989931	943.989931	3910	3910	1		1				1176	2797	3882	3882	2797	-28	1176	3911	1	1.2	0.447213595499958	0.372677996249965
LT934125.1	-	UL54	ATGG	1176	3913	3913	3913	194.40833	194.40833	3913	3913	1		1				1176	2797	3882	3882	2797	-31	1176	3911	-2	1.2	0.447213595499958	0.372677996249965
LT934125.1	-	UL54	GCGG	1176	3910	3910	3910	241.779497	241.779497	3910	3910	1		1				1176	2797	3882	3882	2797	-28	1176	3911	1	1.2	0.447213595499958	0.372677996249965
LT934125.1	-	UL54	GCTG	1176	3910	3910	3910	136.429371	136.429371	3910	3910	1		1				1176	2797	3882	3882	2797	-28	1176	3911	1	1.2	0.447213595499958	0.372677996249965
LT934125.1	-	UL6	ACCG	1781	89077	89082	89079	864.344701	471.788149	89078	89081	4		6				1781	86993	88924	88924	86993	-155	1781	89091	12	20.3333333333333	20.4124145231932	1.00388923884556
LT934125.1	-	UL6	AGTG	1781	89079	89081	89079	881.057269	692.259283	89079	89081	3		3				1781	86993	88924	88924	86993	-155	1781	89091	12	20.3333333333333	20.4124145231932	1.00388923884556
LT934125.1	-	UL6	ATGG	1781	89078	89081	89079	911.289048	656.128115	89078	89079	2		4				1781	86993	88924	88924	86993	-155	1781	89091	12	20.3333333333333	20.4124145231932	1.00388923884556
LT934125.1	-	UL6	GCGG	1781	89079	89083	89079	483.558994	241.779497	89079	89083	5		5				1781	86993	88924	88924	86993	-155	1781	89091	12	20.3333333333333	20.4124145231932	1.00388923884556
LT934125.1	-	UL6	GCTG	1781	89077	89081	89079	354.716363	272.858741	89077	89079	3		5				1781	86993	88924	88924	86993	-155	1781	89091	12	20.3333333333333	20.4124145231932	1.00388923884556
LT934125.1	-	UL6	TACG	1782	89153	89153	89153	567.859171	567.859171	89153	89153	1		1				1782	86993	88924	88924	86993	-229	1782	89091	-62	20.3333333333333	20.4124145231932	1.00388923884556
LT934125.1	-	UL7	ACCG	1769	87157	87165	87165	518.60682	302.520645	87157	87165	9	UL6	9				1769	86302	87102	87102	86302	-63	1769	87161	-4	1.66666666666667	1.96638416050035	1.17983049630021
LT934125.1	-	UL7	AGTG	1769	87157	87162	87161	1258.653241	755.191945	87161	87162	2	UL6	6				1769	86302	87102	87102	86302	-59	1769	87161	0	1.66666666666667	1.96638416050035	1.17983049630021
LT934125.1	-	UL7	ATGG	1769	87157	87161	87161	388.81666	267.311454	87157	87161	5	UL6	5				1769	86302	87102	87102	86302	-59	1769	87161	0	1.66666666666667	1.96638416050035	1.17983049630021
LT934125.1	-	UL7	GCGG	1769	87157	87157	87157	241.779497	241.779497	87157	87157	1	UL6	1				1769	86302	87102	87102	86302	-55	1769	87161	4	1.66666666666667	1.96638416050035	1.17983049630021
LT934125.1	-	UL7	GCTG	1769	87161	87163	87163	109.143496	54.571748	87161	87163	3	UL6	3				1769	86302	87102	87102	86302	-61	1769	87161	-2	1.66666666666667	1.96638416050035	1.17983049630021
LT934125.1	-	UL7	TACG	1769	87160	87161	87161	1703.577513	1135.718342	87160	87161	2	UL6	2				1769	86302	87102	87102	86302	-59	1769	87161	0	1.66666666666667	1.96638416050035	1.17983049630021
LT934125.1	-	US1_2	ACCG	2089	128016	128016	128016	14.405745	14.405745	128016	128016	1		1				2089	126886	127977	127977	126886	-39	2089	127998	-18	8.75	6.18465843842649	0.706818107248742
LT934125.1	-	US1_2	AGTG	2089	127992	127992	127992	125.865324	125.865324	127992	127992	1		1				2089	126886	127977	127977	126886	-15	2089	127998	6	8.75	6.18465843842649	0.706818107248742
LT934125.1	-	US1_2	GCTG	2089	127992	127992	127992	81.857622	81.857622	127992	127992	1		1				2089	126886	127977	127977	126886	-15	2089	127998	6	8.75	6.18465843842649	0.706818107248742
LT934125.1	-	US1_2	TACG	2089	127993	127993	127993	567.859171	567.859171	127993	127993	1		1				2089	126886	127977	127977	126886	-16	2089	127998	5	8.75	6.18465843842649	0.706818107248742
