chr	strand	gene	group	cluster	start	end	dominant_tes	tags	tags.dominant_tes	q_0.1	q_0.9	interquantile_width	inCoding	cluster_width	hpi	cell_line	Time	dominant_TC	CDS_start	CDS_end	CDS_prime5	CDS_prime3	TSS_CDS_dist	closest_TC	gene_mean_dominant_TES	gene_dominant_TES_shift	gene_mean_shift_TES	gene_sd_shift_TES	gene_varcoeff_shif_TES
LT934125.1	+	ELIE	C6_6h	83	101312	101312	101312	54.540496	54.540496	101312	101312	1	ELIE	1	6h	C6	6	83	100549	102393	100549	102393	1081	83	101312	0	0		
LT934125.1	+	NOIR	C6_6h	90	108206	108252	108206	109.080992	54.540496	108206	108252	47	NOIR	47	6h	C6	6	90	107483	108830	107483	108830	624	90	108221	15	10.3333333333333	5.68624070307733	0.550281358362322
LT934125.1	+	NOIR	PC_12_4h	90	108225	108225	108225	51.474752	51.474752	108225	108225	1	NOIR	1	4h	PC_12	4	90	107483	108830	107483	108830	605	90	108221	-4	10.3333333333333	5.68624070307733	0.550281358362322
LT934125.1	+	NOIR	PC_12_6h	90	108233	108233	108233	25.623615	25.623615	108233	108233	1	NOIR	1	6h	PC_12	6	90	107483	108830	107483	108830	597	90	108221	-12	10.3333333333333	5.68624070307733	0.550281358362322
LT934125.1	+	ORF-1	C6_12h	2	2266	2275	2273	10806.072632	7453.219542	2272	2275	4		10	12h	C6	12	2	1623	2243	1623	2243	-30	2	2273	0	0.0434782608695652	0.208514414057075	4.79583152331272
LT934125.1	+	ORF-1	C6_1h	2	2269	2275	2273	22831.050229	16307.89302	2272	2275	4		7	1h	C6	1	2	1623	2243	1623	2243	-30	2	2273	0	0.0434782608695652	0.208514414057075	4.79583152331272
LT934125.1	+	ORF-1	C6_2h	2	2269	2275	2273	20335.53635	11692.933401	2271	2275	5		7	2h	C6	2	2	1623	2243	1623	2243	-30	2	2273	0	0.0434782608695652	0.208514414057075	4.79583152331272
LT934125.1	+	ORF-1	C6_4h	2	2259	2275	2273	29495.178671	19568.916619	2273	2275	3		17	4h	C6	4	2	1623	2243	1623	2243	-30	2	2273	0	0.0434782608695652	0.208514414057075	4.79583152331272
LT934125.1	+	ORF-1	C6_6h	2	2266	2275	2273	23725.115899	17507.499318	2272	2275	4		10	6h	C6	6	2	1623	2243	1623	2243	-30	2	2273	0	0.0434782608695652	0.208514414057075	4.79583152331272
LT934125.1	+	ORF-1	C6_8h	2	2266	2275	2273	17130.934513	11689.056456	2271	2275	5		10	8h	C6	8	2	1623	2243	1623	2243	-30	2	2273	0	0.0434782608695652	0.208514414057075	4.79583152331272
LT934125.1	+	ORF-1	NRK_1h	2	2269	2275	2273	31578.947367	23684.210526	2271	2273	3		7	1h	NRK	1	2	1623	2243	1623	2243	-30	2	2273	0	0.0434782608695652	0.208514414057075	4.79583152331272
LT934125.1	+	ORF-1	NRK_2h	2	2270	2275	2273	21241.830065	14705.882353	2271	2275	5		6	2h	NRK	2	2	1623	2243	1623	2243	-30	2	2273	0	0.0434782608695652	0.208514414057075	4.79583152331272
LT934125.1	+	ORF-1	PC_12_0.5h	2	2272	2273	2272	33333.333334	16666.666667	2272	2273	2		2	0.5h	PC_12	0.5	2	1623	2243	1623	2243	-29	2	2273	1	0.0434782608695652	0.208514414057075	4.79583152331272
LT934125.1	+	ORF-1	PC_12_1.5h	2	2273	2275	2273	28241.335044	23106.546855	2273	2275	3		3	1.5h	PC_12	1.5	2	1623	2243	1623	2243	-30	2	2273	0	0.0434782608695652	0.208514414057075	4.79583152331272
LT934125.1	+	ORF-1	PC_12_12h	2	2266	2275	2273	10250.763599	7025.925856	2272	2275	4		10	12h	PC_12	12	2	1623	2243	1623	2243	-30	2	2273	0	0.0434782608695652	0.208514414057075	4.79583152331272
LT934125.1	+	ORF-1	PC_12_1h	2	2266	2275	2273	27439.02439	14481.707317	2271	2275	5		10	1h	PC_12	1	2	1623	2243	1623	2243	-30	2	2273	0	0.0434782608695652	0.208514414057075	4.79583152331272
LT934125.1	+	ORF-1	PC_12_2.5h	2	2268	2275	2273	25839.79328	18087.855297	2273	2275	3		8	2.5h	PC_12	2.5	2	1623	2243	1623	2243	-30	2	2273	0	0.0434782608695652	0.208514414057075	4.79583152331272
LT934125.1	+	ORF-1	PC_12_2h	2	2266	2275	2273	26143.790847	18039.215686	2272	2275	4		10	2h	PC_12	2	2	1623	2243	1623	2243	-30	2	2273	0	0.0434782608695652	0.208514414057075	4.79583152331272
LT934125.1	+	ORF-1	PC_12_4h	2	2266	2275	2273	23678.385752	16368.97102	2272	2275	4		10	4h	PC_12	4	2	1623	2243	1623	2243	-30	2	2273	0	0.0434782608695652	0.208514414057075	4.79583152331272
LT934125.1	+	ORF-1	PC_12_6h	2	2266	2275	2273	21677.578056	14579.836778	2271	2275	5		10	6h	PC_12	6	2	1623	2243	1623	2243	-30	2	2273	0	0.0434782608695652	0.208514414057075	4.79583152331272
LT934125.1	+	ORF-1	PC_12_8h	2	2266	2275	2273	15795.007771	11074.79199	2272	2275	4		10	8h	PC_12	8	2	1623	2243	1623	2243	-30	2	2273	0	0.0434782608695652	0.208514414057075	4.79583152331272
LT934125.1	+	ORF-1	PK_15_12h	2	2266	2275	2273	4992.759419	3546.186884	2271	2275	5		10	12h	PK_15	12	2	1623	2243	1623	2243	-30	2	2273	0	0.0434782608695652	0.208514414057075	4.79583152331272
LT934125.1	+	ORF-1	PK_15_1h	2	2269	2275	2273	11227.54491	5988.023952	2271	2275	5		7	1h	PK_15	1	2	1623	2243	1623	2243	-30	2	2273	0	0.0434782608695652	0.208514414057075	4.79583152331272
LT934125.1	+	ORF-1	PK_15_2h	2	2266	2275	2273	25301.509658	17542.380029	2271	2275	5		10	2h	PK_15	2	2	1623	2243	1623	2243	-30	2	2273	0	0.0434782608695652	0.208514414057075	4.79583152331272
LT934125.1	+	ORF-1	PK_15_4h	2	2266	2275	2273	18941.2841	13078.010645	2271	2275	5		10	4h	PK_15	4	2	1623	2243	1623	2243	-30	2	2273	0	0.0434782608695652	0.208514414057075	4.79583152331272
LT934125.1	+	ORF-1	PK_15_6h	2	2263	2275	2273	12441.577913	8577.796336	2271	2275	5		13	6h	PK_15	6	2	1623	2243	1623	2243	-30	2	2273	0	0.0434782608695652	0.208514414057075	4.79583152331272
LT934125.1	+	ORF-1	PK_15_8h	2	2266	2275	2273	7543.197528	5320.648256	2271	2275	5		10	8h	PK_15	8	2	1623	2243	1623	2243	-30	2	2273	0	0.0434782608695652	0.208514414057075	4.79583152331272
LT934125.1	+	UL11	C6_12h	61	79987	79998	79996	36786.423012	28232.630054	79993	79996	4		12	12h	C6	12	61	79779	79970	79779	79970	-26	61	79996	0	0	0	
LT934125.1	+	UL11	C6_1h	61	79991	79998	79996	40443.574691	28701.891716	79993	79996	4		8	1h	C6	1	61	79779	79970	79779	79970	-26	61	79996	0	0	0	
LT934125.1	+	UL11	C6_2h	61	79991	79996	79996	56939.50178	38129.130656	79993	79996	4		6	2h	C6	2	61	79779	79970	79779	79970	-26	61	79996	0	0	0	
LT934125.1	+	UL11	C6_4h	61	79990	80001	79996	36301.758365	27226.318775	79994	79996	3		12	4h	C6	4	61	79779	79970	79779	79970	-26	61	79996	0	0	0	
LT934125.1	+	UL11	C6_6h	61	79987	79996	79996	50449.959094	37196.618489	79993	79996	4		10	6h	C6	6	61	79779	79970	79779	79970	-26	61	79996	0	0	0	
LT934125.1	+	UL11	C6_8h	61	79988	79996	79996	51551.423308	39691.545567	79993	79996	4		9	8h	C6	8	61	79779	79970	79779	79970	-26	61	79996	0	0	0	
LT934125.1	+	UL11	NRK_1h	61	79991	80001	79996	55263.157893	34210.526316	79993	79996	4		11	1h	NRK	1	61	79779	79970	79779	79970	-26	61	79996	0	0	0	
LT934125.1	+	UL11	NRK_2h	61	79991	80001	79996	51470.588234	35130.718954	79994	79996	3		11	2h	NRK	2	61	79779	79970	79779	79970	-26	61	79996	0	0	0	
LT934125.1	+	UL11	PC_12_0.5h	61	79995	79996	79996	66666.666667	50000	79995	79996	2		2	0.5h	PC_12	0.5	61	79779	79970	79779	79970	-26	61	79996	0	0	0	
LT934125.1	+	UL11	PC_12_1.5h	61	79990	79998	79996	42362.002565	34659.820282	79994	79996	3		9	1.5h	PC_12	1.5	61	79779	79970	79779	79970	-26	61	79996	0	0	0	
LT934125.1	+	UL11	PC_12_12h	61	79988	79996	79996	34323.419844	26721.243619	79994	79996	3		9	12h	PC_12	12	61	79779	79970	79779	79970	-26	61	79996	0	0	0	
LT934125.1	+	UL11	PC_12_1h	61	79991	80000	79996	45731.707318	35060.97561	79993	79996	4		10	1h	PC_12	1	61	79779	79970	79779	79970	-26	61	79996	0	0	0	
LT934125.1	+	UL11	PC_12_2.5h	61	79990	80001	79996	43927.648579	32730.404823	79993	79996	4		12	2.5h	PC_12	2.5	61	79779	79970	79779	79970	-26	61	79996	0	0	0	
LT934125.1	+	UL11	PC_12_2h	61	79991	79996	79996	44967.320262	35032.679739	79994	79996	3		6	2h	PC_12	2	61	79779	79970	79779	79970	-26	61	79996	0	0	0	
LT934125.1	+	UL11	PC_12_4h	61	79982	79996	79996	36289.699902	28928.810418	79993	79996	4		15	4h	PC_12	4	61	79779	79970	79779	79970	-26	61	79996	0	0	0	
LT934125.1	+	UL11	PC_12_6h	61	79987	79996	79996	36423.968329	28352.529691	79993	79996	4		10	6h	PC_12	6	61	79779	79970	79779	79970	-26	61	79996	0	0	0	
LT934125.1	+	UL11	PC_12_8h	61	79988	79998	79996	39476.090336	30527.109811	79994	79996	3		11	8h	PC_12	8	61	79779	79970	79779	79970	-26	61	79996	0	0	0	
LT934125.1	+	UL11	PK_15_12h	61	79988	79996	79996	30439.776577	24261.352584	79994	79996	3		9	12h	PK_15	12	61	79779	79970	79779	79970	-26	61	79996	0	0	0	
LT934125.1	+	UL11	PK_15_1h	61	79988	79996	79996	17215.568862	11976.047904	79993	79996	4		9	1h	PK_15	1	61	79779	79970	79779	79970	-26	61	79996	0	0	0	
LT934125.1	+	UL11	PK_15_2h	61	79991	79996	79996	23614.742347	17542.380029	79993	79996	4		6	2h	PK_15	2	61	79779	79970	79779	79970	-26	61	79996	0	0	0	
LT934125.1	+	UL11	PK_15_4h	61	79987	79996	79996	43309.214903	33641.051231	79994	79996	3		10	4h	PK_15	4	61	79779	79970	79779	79970	-26	61	79996	0	0	0	
LT934125.1	+	UL11	PK_15_6h	61	79987	79996	79996	35664.515091	28042.602217	79994	79996	3		10	6h	PK_15	6	61	79779	79970	79779	79970	-26	61	79996	0	0	0	
LT934125.1	+	UL11	PK_15_8h	61	79987	79998	79996	35341.277305	28209.662976	79994	79996	3		12	8h	PK_15	8	61	79779	79970	79779	79970	-26	61	79996	0	0	0	
LT934125.1	+	UL14	C6_6h	60	77133	77133	77133	54.540496	54.540496	77133	77133	1	UL14	1	6h	C6	6	60	76753	77232	76753	77232	99	60	77133	0	0		
LT934125.1	+	UL16	C6_12h	59	75648	75651	75650	182.617271	51.132836	75648	75651	4		4	12h	C6	12	59	74654	75640	74654	75640	-10	59	75649	-1	0.928571428571429	0.615727926214882	0.663091612846796
LT934125.1	+	UL16	C6_4h	59	75651	75651	75651	283.607487	283.607487	75651	75651	1		1	4h	C6	4	59	74654	75640	74654	75640	-11	59	75649	-2	0.928571428571429	0.615727926214882	0.663091612846796
LT934125.1	+	UL16	C6_6h	59	75649	75650	75650	163.621489	109.080993	75649	75650	2		2	6h	C6	6	59	74654	75640	74654	75640	-10	59	75649	-1	0.928571428571429	0.615727926214882	0.663091612846796
LT934125.1	+	UL16	C6_8h	59	75648	75651	75648	256.231926	97.612162	75648	75651	4		4	8h	C6	8	59	74654	75640	74654	75640	-8	59	75649	1	0.928571428571429	0.615727926214882	0.663091612846796
LT934125.1	+	UL16	PC_12_1.5h	59	75648	75648	75648	1283.697047	1283.697047	75648	75648	1		1	1.5h	PC_12	1.5	59	74654	75640	74654	75640	-8	59	75649	1	0.928571428571429	0.615727926214882	0.663091612846796
LT934125.1	+	UL16	PC_12_12h	59	75648	75652	75650	270.540079	70.340421	75648	75651	4		5	12h	PC_12	12	59	74654	75640	74654	75640	-10	59	75649	-1	0.928571428571429	0.615727926214882	0.663091612846796
LT934125.1	+	UL16	PC_12_4h	59	75633	75652	75649	617.697021	154.424255	75636	75651	16		20	4h	PC_12	4	59	74654	75640	74654	75640	-9	59	75649	0	0.928571428571429	0.615727926214882	0.663091612846796
LT934125.1	+	UL16	PC_12_6h	59	75648	75651	75648	217.800725	64.059037	75648	75651	4		4	6h	PC_12	6	59	74654	75640	74654	75640	-8	59	75649	1	0.928571428571429	0.615727926214882	0.663091612846796
LT934125.1	+	UL16	PC_12_8h	59	75648	75651	75650	274.298254	114.290939	75648	75651	4		4	8h	PC_12	8	59	74654	75640	74654	75640	-10	59	75649	-1	0.928571428571429	0.615727926214882	0.663091612846796
LT934125.1	+	UL16	PK_15_12h	59	75648	75652	75649	356.625672	97.261547	75648	75651	4		5	12h	PK_15	12	59	74654	75640	74654	75640	-9	59	75649	0	0.928571428571429	0.615727926214882	0.663091612846796
LT934125.1	+	UL16	PK_15_2h	59	75649	75649	75649	84.338366	84.338366	75649	75649	1		1	2h	PK_15	2	59	74654	75640	74654	75640	-9	59	75649	0	0.928571428571429	0.615727926214882	0.663091612846796
LT934125.1	+	UL16	PK_15_4h	59	75648	75651	75648	291.084497	103.958749	75648	75651	4		4	4h	PK_15	4	59	74654	75640	74654	75640	-8	59	75649	1	0.928571428571429	0.615727926214882	0.663091612846796
LT934125.1	+	UL16	PK_15_6h	59	75648	75652	75648	296.82697	75.464484	75648	75651	4		5	6h	PK_15	6	59	74654	75640	74654	75640	-8	59	75649	1	0.928571428571429	0.615727926214882	0.663091612846796
LT934125.1	+	UL16	PK_15_8h	59	75648	75651	75651	236.972144	67.349978	75648	75651	4		4	8h	PK_15	8	59	74654	75640	74654	75640	-11	59	75649	-2	0.928571428571429	0.615727926214882	0.663091612846796
LT934125.1	+	UL18	C6_12h	58	71516	71544	71544	27139.361328	12700.422455	71531	71544	14		29	12h	C6	12	58	70559	71449	70559	71449	-95	58	71542	-2	2.38888888888889	1.7197431028701	0.719892461666554
LT934125.1	+	UL18	C6_1h	58	71529	71545	71544	13046.314417	5870.841487	71530	71544	15		17	1h	C6	1	58	70559	71449	70559	71449	-95	58	71542	-2	2.38888888888889	1.7197431028701	0.719892461666554
LT934125.1	+	UL18	C6_2h	58	71529	71545	71544	25927.808846	12709.710219	71531	71544	14		17	2h	C6	2	58	70559	71449	70559	71449	-95	58	71542	-2	2.38888888888889	1.7197431028701	0.719892461666554
LT934125.1	+	UL18	C6_4h	58	71530	71544	71544	20136.131593	11344.29949	71531	71544	14		15	4h	C6	4	58	70559	71449	70559	71449	-95	58	71542	-2	2.38888888888889	1.7197431028701	0.719892461666554
LT934125.1	+	UL18	C6_6h	58	71529	71546	71544	21434.415053	9653.667848	71531	71544	14		18	6h	C6	6	58	70559	71449	70559	71449	-95	58	71542	-2	2.38888888888889	1.7197431028701	0.719892461666554
LT934125.1	+	UL18	C6_8h	58	71528	71545	71544	18680.527594	8138.414046	71531	71544	14		18	8h	C6	8	58	70559	71449	70559	71449	-95	58	71542	-2	2.38888888888889	1.7197431028701	0.719892461666554
LT934125.1	+	UL18	NRK_1h	58	71535	71544	71541	10526.315789	5263.157895	71535	71544	10		10	1h	NRK	1	58	70559	71449	70559	71449	-92	58	71542	1	2.38888888888889	1.7197431028701	0.719892461666554
LT934125.1	+	UL18	NRK_2h	58	71533	71544	71544	6535.947712	2450.980392	71533	71544	12		12	2h	NRK	2	58	70559	71449	70559	71449	-95	58	71542	-2	2.38888888888889	1.7197431028701	0.719892461666554
LT934125.1	+	UL18	PC_12_1.5h	58	71535	71544	71541	10269.576379	5134.78819	71535	71544	10		10	1.5h	PC_12	1.5	58	70559	71449	70559	71449	-92	58	71542	1	2.38888888888889	1.7197431028701	0.719892461666554
LT934125.1	+	UL18	PC_12_12h	58	71517	71544	71544	22803.823271	11113.786452	71531	71544	14		28	12h	PC_12	12	58	70559	71449	70559	71449	-95	58	71542	-2	2.38888888888889	1.7197431028701	0.719892461666554
LT934125.1	+	UL18	PC_12_1h	58	71531	71544	71535	9146.341464	3810.97561	71531	71544	14		14	1h	PC_12	1	58	70559	71449	70559	71449	-86	58	71542	7	2.38888888888889	1.7197431028701	0.719892461666554
LT934125.1	+	UL18	PC_12_2.5h	58	71530	71544	71541	18087.855296	7321.274763	71531	71544	14		15	2.5h	PC_12	2.5	58	70559	71449	70559	71449	-92	58	71542	1	2.38888888888889	1.7197431028701	0.719892461666554
LT934125.1	+	UL18	PC_12_2h	58	71529	71544	71544	10196.07843	6274.509804	71531	71544	14		16	2h	PC_12	2	58	70559	71449	70559	71449	-95	58	71542	-2	2.38888888888889	1.7197431028701	0.719892461666554
LT934125.1	+	UL18	PC_12_4h	58	71516	71544	71544	20075.153139	10294.950327	71531	71544	14		29	4h	PC_12	4	58	70559	71449	70559	71449	-95	58	71542	-2	2.38888888888889	1.7197431028701	0.719892461666554
LT934125.1	+	UL18	PC_12_6h	58	71516	71544	71544	21216.35299	10044.456972	71531	71544	14		29	6h	PC_12	6	58	70559	71449	70559	71449	-95	58	71542	-2	2.38888888888889	1.7197431028701	0.719892461666554
LT934125.1	+	UL18	PC_12_8h	58	71516	71544	71544	16252.171528	8000.365731	71531	71544	14		29	8h	PC_12	8	58	70559	71449	70559	71449	-95	58	71542	-2	2.38888888888889	1.7197431028701	0.719892461666554
LT934125.1	+	UL18	PK_15_1h	58	71535	71535	71535	748.502994	748.502994	71535	71535	1		1	1h	PK_15	1	58	70559	71449	70559	71449	-86	58	71542	7	2.38888888888889	1.7197431028701	0.719892461666554
LT934125.1	+	UL18	PK_15_6h	58	71518	71544	71544	14886.62719	6932.670587	71531	71544	14		27	6h	PK_15	6	58	70559	71449	70559	71449	-95	58	71542	-2	2.38888888888889	1.7197431028701	0.719892461666554
LT934125.1	+	UL19	PK_15_2h	54	67067	67067	67067	84.338366	84.338366	67067	67067	1	UL19	1	2h	PK_15	2	54	66399	70391	66399	70391	3324	54	67067	0	0		
LT934125.1	+	UL22	C6_12h	47	60246	60256	60251	4952.580381	4132.020112	60251	60251	1		11	12h	C6	12	47	60254	62314	60254	62314	2063	47	60251	0	0	0	
LT934125.1	+	UL22	C6_1h	47	60248	60254	60251	43705.153293	35877.364644	60251	60252	2		7	1h	C6	1	47	60254	62314	60254	62314	2063	47	60251	0	0	0	
LT934125.1	+	UL22	C6_2h	47	60243	60254	60251	57447.890189	50330.452466	60251	60251	1		12	2h	C6	2	47	60254	62314	60254	62314	2063	47	60251	0	0	0	
LT934125.1	+	UL22	C6_4h	47	60250	60254	60251	14463.981849	12762.336926	60251	60251	1		5	4h	C6	4	47	60254	62314	60254	62314	2063	47	60251	0	0	0	
LT934125.1	+	UL22	C6_6h	47	60242	60254	60251	18434.687755	15271.338969	60251	60251	1		13	6h	C6	6	47	60254	62314	60254	62314	2063	47	60251	0	0	0	
LT934125.1	+	UL22	C6_8h	47	60244	60254	60251	11445.026051	9565.991923	60251	60251	1		11	8h	C6	8	47	60254	62314	60254	62314	2063	47	60251	0	0	0	
LT934125.1	+	UL22	NRK_1h	47	60248	60256	60251	42105.263157	28947.368421	60249	60254	6		9	1h	NRK	1	47	60254	62314	60254	62314	2063	47	60251	0	0	0	
LT934125.1	+	UL22	NRK_2h	47	60248	60254	60251	31862.745098	25326.797386	60250	60252	3		7	2h	NRK	2	47	60254	62314	60254	62314	2063	47	60251	0	0	0	
LT934125.1	+	UL22	PC_12_1.5h	47	60248	60256	60251	51347.881898	43645.699615	60251	60252	2		9	1.5h	PC_12	1.5	47	60254	62314	60254	62314	2063	47	60251	0	0	0	
LT934125.1	+	UL22	PC_12_12h	47	60246	60256	60251	5356.693567	4534.251727	60251	60251	1		11	12h	PC_12	12	47	60254	62314	60254	62314	2063	47	60251	0	0	0	
LT934125.1	+	UL22	PC_12_1h	47	60246	60254	60251	38109.756098	28963.414634	60250	60252	3		9	1h	PC_12	1	47	60254	62314	60254	62314	2063	47	60251	0	0	0	
LT934125.1	+	UL22	PC_12_2.5h	47	60247	60256	60251	37467.700258	32299.741602	60251	60251	1		10	2.5h	PC_12	2.5	47	60254	62314	60254	62314	2063	47	60251	0	0	0	
LT934125.1	+	UL22	PC_12_2h	47	60243	60256	60251	28496.732023	24313.72549	60251	60251	1		14	2h	PC_12	2	47	60254	62314	60254	62314	2063	47	60251	0	0	0	
LT934125.1	+	UL22	PC_12_4h	47	60243	60256	60251	15082.102229	12817.213157	60251	60251	1		14	4h	PC_12	4	47	60254	62314	60254	62314	2063	47	60251	0	0	0	
LT934125.1	+	UL22	PC_12_6h	47	60243	60254	60251	13618.951226	11569.062048	60251	60251	1		12	6h	PC_12	6	47	60254	62314	60254	62314	2063	47	60251	0	0	0	
LT934125.1	+	UL22	PC_12_8h	47	60243	60256	60251	10686.2028	9097.558746	60251	60251	1		14	8h	PC_12	8	47	60254	62314	60254	62314	2063	47	60251	0	0	0	
LT934125.1	+	UL22	PK_15_12h	47	60247	60256	60251	2584.378252	2190.700561	60251	60251	1		10	12h	PK_15	12	47	60254	62314	60254	62314	2063	47	60251	0	0	0	
LT934125.1	+	UL22	PK_15_1h	47	60251	60252	60251	5988.023952	5239.520958	60251	60252	2		2	1h	PK_15	1	47	60254	62314	60254	62314	2063	47	60251	0	0	0	
LT934125.1	+	UL22	PK_15_2h	47	60240	60256	60251	15686.935989	12060.38627	60250	60252	3		17	2h	PK_15	2	47	60254	62314	60254	62314	2063	47	60251	0	0	0	
LT934125.1	+	UL22	PK_15_4h	47	60246	60256	60251	19585.828343	15697.771124	60251	60252	2		11	4h	PK_15	4	47	60254	62314	60254	62314	2063	47	60251	0	0	0	
LT934125.1	+	UL22	PK_15_6h	47	60246	60256	60251	11203.960377	9417.967591	60251	60252	2		11	6h	PK_15	6	47	60254	62314	60254	62314	2063	47	60251	0	0	0	
LT934125.1	+	UL22	PK_15_8h	47	60243	60256	60251	7902.397408	6692.592251	60251	60251	1		14	8h	PK_15	8	47	60254	62314	60254	62314	2063	47	60251	0	0	0	
LT934125.1	+	UL23	C6_12h	46	59795	59795	59795	12.174485	12.174485	59795	59795	1	UL23	1	12h	C6	12	46	59156	60118	59156	60118	323	46	59792	-3	3.5	0.707106781186548	0.202030508910442
LT934125.1	+	UL23	PC_12_4h	46	59788	59788	59788	51.474752	51.474752	59788	59788	1	UL23	1	4h	PC_12	4	46	59156	60118	59156	60118	330	46	59792	4	3.5	0.707106781186548	0.202030508910442
LT934125.1	+	UL35	C6_12h	24	32402	32415	32415	88235.79542	80726.573248	32415	32415	1		14	12h	C6	12	24	32066	32377	32066	32377	-38	24	32415	0	0	0	
LT934125.1	+	UL35	C6_1h	24	32411	32415	32415	28049.575995	26744.944553	32415	32415	1		5	1h	C6	1	24	32066	32377	32066	32377	-38	24	32415	0	0	0	
LT934125.1	+	UL35	C6_2h	24	32413	32415	32415	26436.197255	25419.420437	32415	32415	1		3	2h	C6	2	24	32066	32377	32066	32377	-38	24	32415	0	0	0	
LT934125.1	+	UL35	C6_4h	24	32410	32415	32415	43959.160522	40272.263188	32415	32415	1		6	4h	C6	4	24	32066	32377	32066	32377	-38	24	32415	0	0	0	
LT934125.1	+	UL35	C6_6h	24	32409	32415	32415	51213.526044	46850.286338	32415	32415	1		7	6h	C6	6	24	32066	32377	32066	32377	-38	24	32415	0	0	0	
LT934125.1	+	UL35	C6_8h	24	32409	32415	32415	60763.571142	55699.940213	32415	32415	1		7	8h	C6	8	24	32066	32377	32066	32377	-38	24	32415	0	0	0	
LT934125.1	+	UL35	NRK_1h	24	32412	32415	32415	34210.526315	28947.368421	32413	32415	3		4	1h	NRK	1	24	32066	32377	32066	32377	-38	24	32415	0	0	0	
LT934125.1	+	UL35	NRK_2h	24	32410	32416	32415	22058.823529	13888.888889	32413	32415	3		7	2h	NRK	2	24	32066	32377	32066	32377	-38	24	32415	0	0	0	
LT934125.1	+	UL35	PC_12_1.5h	24	32413	32415	32415	29525.032092	26957.637997	32415	32415	1		3	1.5h	PC_12	1.5	24	32066	32377	32066	32377	-38	24	32415	0	0	0	
LT934125.1	+	UL35	PC_12_12h	24	32407	32415	32415	111789.866109	101579.683522	32415	32415	1		9	12h	PC_12	12	24	32066	32377	32066	32377	-38	24	32415	0	0	0	
LT934125.1	+	UL35	PC_12_1h	24	32407	32415	32415	19054.878049	17530.487805	32415	32415	1		9	1h	PC_12	1	24	32066	32377	32066	32377	-38	24	32415	0	0	0	
LT934125.1	+	UL35	PC_12_2.5h	24	32410	32416	32415	27562.446166	25409.13006	32415	32415	1		7	2.5h	PC_12	2.5	24	32066	32377	32066	32377	-38	24	32415	0	0	0	
LT934125.1	+	UL35	PC_12_2h	24	32412	32416	32415	33986.928103	30588.235294	32415	32415	1		5	2h	PC_12	2	24	32066	32377	32066	32377	-38	24	32415	0	0	0	
LT934125.1	+	UL35	PC_12_4h	24	32404	32415	32415	57239.923818	51474.751634	32414	32415	2		12	4h	PC_12	4	24	32066	32377	32066	32377	-38	24	32415	0	0	0	
LT934125.1	+	UL35	PC_12_6h	24	32409	32415	32415	66160.173215	59946.446645	32415	32415	1		7	6h	PC_12	6	24	32066	32377	32066	32377	-38	24	32415	0	0	0	
LT934125.1	+	UL35	PC_12_8h	24	32402	32415	32415	82346.621561	75477.736125	32415	32415	1		14	8h	PC_12	8	24	32066	32377	32066	32377	-38	24	32415	0	0	0	
LT934125.1	+	UL35	PK_15_12h	24	32404	32415	32415	108892.793074	100576.158879	32415	32415	1		12	12h	PK_15	12	24	32066	32377	32066	32377	-38	24	32415	0	0	0	
LT934125.1	+	UL35	PK_15_1h	24	32415	32415	32415	14221.556886	14221.556886	32415	32415	1		1	1h	PK_15	1	24	32066	32377	32066	32377	-38	24	32415	0	0	0	
LT934125.1	+	UL35	PK_15_2h	24	32405	32416	32415	33988.361308	30783.503416	32415	32415	1		12	2h	PK_15	2	24	32066	32377	32066	32377	-38	24	32415	0	0	0	
LT934125.1	+	UL35	PK_15_4h	24	32409	32415	32415	44411.177645	41230.03992	32415	32415	1		7	4h	PK_15	4	24	32066	32377	32066	32377	-38	24	32415	0	0	0	
LT934125.1	+	UL35	PK_15_6h	24	32408	32415	32415	66519.427073	61332.501547	32415	32415	1		8	6h	PK_15	6	24	32066	32377	32066	32377	-38	24	32415	0	0	0	
LT934125.1	+	UL35	PK_15_8h	24	32407	32415	32415	77000.980316	71515.698781	32415	32415	1		9	8h	PK_15	8	24	32066	32377	32066	32377	-38	24	32415	0	0	0	
LT934125.1	+	UL38	PC_12_6h	29	45056	45056	45056	25.623615	25.623615	45056	45056	1	UL38	1	6h	PC_12	6	29	44837	45943	44837	45943	887	29	45056	0	0		
LT934125.1	+	UL4	C6_12h	67	92048	92059	92059	4251.330063	3391.811442	92056	92059	4		12	12h	C6	12	67	91486	91923	91486	91923	-136	67	92059	0	0	0	
LT934125.1	+	UL4	C6_1h	67	92052	92059	92059	7175.472929	5218.525766	92056	92059	4		8	1h	C6	1	67	91486	91923	91486	91923	-136	67	92059	0	0	0	
LT934125.1	+	UL4	C6_2h	67	92056	92059	92059	9150.991357	7625.826131	92056	92059	4		4	2h	C6	2	67	91486	91923	91486	91923	-136	67	92059	0	0	0	
LT934125.1	+	UL4	C6_4h	67	92052	92059	92059	8224.617129	6522.972206	92056	92059	4		8	4h	C6	4	67	91486	91923	91486	91923	-136	67	92059	0	0	0	
LT934125.1	+	UL4	C6_6h	67	92048	92059	92059	7690.20998	6163.076084	92055	92059	5		12	6h	C6	6	67	91486	91923	91486	91923	-136	67	92059	0	0	0	
LT934125.1	+	UL4	C6_8h	67	92050	92059	92059	6369.1936	5027.026367	92056	92059	4		10	8h	C6	8	67	91486	91923	91486	91923	-136	67	92059	0	0	0	
LT934125.1	+	UL4	NRK_1h	67	92059	92059	92059	5263.157895	5263.157895	92059	92059	1		1	1h	NRK	1	67	91486	91923	91486	91923	-136	67	92059	0	0	0	
LT934125.1	+	UL4	NRK_2h	67	92055	92059	92059	5718.954248	4084.96732	92055	92059	5		5	2h	NRK	2	67	91486	91923	91486	91923	-136	67	92059	0	0	0	
LT934125.1	+	UL4	PC_12_1.5h	67	92056	92059	92059	5134.788189	3851.091142	92056	92059	4		4	1.5h	PC_12	1.5	67	91486	91923	91486	91923	-136	67	92059	0	0	0	
LT934125.1	+	UL4	PC_12_12h	67	92049	92059	92059	3995.876969	3168.024327	92055	92059	5		11	12h	PC_12	12	67	91486	91923	91486	91923	-136	67	92059	0	0	0	
LT934125.1	+	UL4	PC_12_1h	67	92056	92059	92059	6859.756098	4573.170732	92056	92059	4		4	1h	PC_12	1	67	91486	91923	91486	91923	-136	67	92059	0	0	0	
LT934125.1	+	UL4	PC_12_2.5h	67	92050	92059	92059	6890.61154	4737.295435	92052	92059	8		10	2.5h	PC_12	2.5	67	91486	91923	91486	91923	-136	67	92059	0	0	0	
LT934125.1	+	UL4	PC_12_2h	67	92052	92059	92059	5228.758168	4444.444444	92055	92059	5		8	2h	PC_12	2	67	91486	91923	91486	91923	-136	67	92059	0	0	0	
LT934125.1	+	UL4	PC_12_4h	67	92045	92059	92059	6176.970197	4632.727647	92052	92059	8		15	4h	PC_12	4	67	91486	91923	91486	91923	-136	67	92059	0	0	0	
LT934125.1	+	UL4	PC_12_6h	67	92048	92059	92059	5765.313313	4432.885347	92055	92059	5		12	6h	PC_12	6	67	91486	91923	91486	91923	-136	67	92059	0	0	0	
LT934125.1	+	UL4	PC_12_8h	67	92049	92059	92059	5417.39051	4125.902898	92054	92059	6		11	8h	PC_12	8	67	91486	91923	91486	91923	-136	67	92059	0	0	0	
LT934125.1	+	UL4	PK_15_12h	67	92050	92059	92059	1759.970852	1340.047982	92054	92059	6		10	12h	PK_15	12	67	91486	91923	91486	91923	-136	67	92059	0	0	0	
LT934125.1	+	UL4	PK_15_1h	67	92059	92059	92059	748.502994	748.502994	92059	92059	1		1	1h	PK_15	1	67	91486	91923	91486	91923	-136	67	92059	0	0	0	
LT934125.1	+	UL4	PK_15_2h	67	92050	92059	92059	2277.135871	1518.090579	92052	92059	8		10	2h	PK_15	2	67	91486	91923	91486	91923	-136	67	92059	0	0	0	
LT934125.1	+	UL4	PK_15_4h	67	92048	92059	92059	3867.26547	2495.00998	92052	92059	8		12	4h	PK_15	4	67	91486	91923	91486	91923	-136	67	92059	0	0	0	
LT934125.1	+	UL4	PK_15_6h	67	92048	92059	92059	2983.362597	2143.191343	92052	92059	8		12	6h	PK_15	6	67	91486	91923	91486	91923	-136	67	92059	0	0	0	
LT934125.1	+	UL4	PK_15_8h	67	92050	92059	92059	2693.999117	2070.38821	92055	92059	5		10	8h	PK_15	8	67	91486	91923	91486	91923	-136	67	92059	0	0	0	
LT934125.1	+	UL40	C6_12h	33	49638	49648	49647	40309.718893	32781.017543	49645	49647	3		11	12h	C6	12	33	48656	49567	48656	49567	-80	33	49647	0	0	0	
LT934125.1	+	UL40	C6_1h	33	49644	49648	49647	82191.780822	65231.572081	49645	49647	3		5	1h	C6	1	33	48656	49567	48656	49567	-80	33	49647	0	0	0	
LT934125.1	+	UL40	C6_2h	33	49643	49647	49647	78291.814946	65073.716319	49645	49647	3		5	2h	C6	2	33	48656	49567	48656	49567	-80	33	49647	0	0	0	
LT934125.1	+	UL40	C6_4h	33	49642	49648	49647	60408.394781	47078.842881	49645	49647	3		7	4h	C6	4	33	48656	49567	48656	49567	-80	33	49647	0	0	0	
LT934125.1	+	UL40	C6_6h	33	49642	49648	49647	48759.203708	38832.833379	49645	49647	3		7	6h	C6	6	33	48656	49567	48656	49567	-80	33	49647	0	0	0	
LT934125.1	+	UL40	C6_8h	33	49638	49648	49647	59860.658639	48171.602182	49645	49647	3		11	8h	C6	8	33	48656	49567	48656	49567	-80	33	49647	0	0	0	
LT934125.1	+	UL40	NRK_1h	33	49645	49647	49647	39473.68421	36842.105263	49647	49647	1		3	1h	NRK	1	33	48656	49567	48656	49567	-80	33	49647	0	0	0	
LT934125.1	+	UL40	NRK_2h	33	49643	49649	49647	92320.261437	64542.48366	49645	49647	3		7	2h	NRK	2	33	48656	49567	48656	49567	-80	33	49647	0	0	0	
LT934125.1	+	UL40	PC_12_0.5h	33	49647	49647	49647	33333.333333	33333.333333	49647	49647	1		1	0.5h	PC_12	0.5	33	48656	49567	48656	49567	-80	33	49647	0	0	0	
LT934125.1	+	UL40	PC_12_1.5h	33	49645	49648	49647	75738.125802	59050.064185	49645	49647	3		4	1.5h	PC_12	1.5	33	48656	49567	48656	49567	-80	33	49647	0	0	0	
LT934125.1	+	UL40	PC_12_12h	33	49640	49648	49647	40123.799139	32843.56561	49645	49647	3		9	12h	PC_12	12	33	48656	49567	48656	49567	-80	33	49647	0	0	0	
LT934125.1	+	UL40	PC_12_1h	33	49644	49648	49647	64024.390245	54115.853659	49646	49647	2		5	1h	PC_12	1	33	48656	49567	48656	49567	-80	33	49647	0	0	0	
LT934125.1	+	UL40	PC_12_2.5h	33	49643	49648	49647	67614.125753	57278.208441	49646	49647	2		6	2.5h	PC_12	2.5	33	48656	49567	48656	49567	-80	33	49647	0	0	0	
LT934125.1	+	UL40	PC_12_2h	33	49643	49648	49647	67450.980392	57777.777778	49646	49647	2		6	2h	PC_12	2	33	48656	49567	48656	49567	-80	33	49647	0	0	0	
LT934125.1	+	UL40	PC_12_4h	33	49641	49648	49647	46224.326968	37267.720183	49645	49647	3		8	4h	PC_12	4	33	48656	49567	48656	49567	-80	33	49647	0	0	0	
LT934125.1	+	UL40	PC_12_6h	33	49636	49648	49647	38704.47004	31055.821045	49645	49647	3		13	6h	PC_12	6	33	48656	49567	48656	49567	-80	33	49647	0	0	0	
LT934125.1	+	UL40	PC_12_8h	33	49638	49648	49647	55911.127367	45442.077352	49645	49647	3		11	8h	PC_12	8	33	48656	49567	48656	49567	-80	33	49647	0	0	0	
LT934125.1	+	UL40	PK_15_12h	33	49640	49648	49647	14928.875563	12342.953478	49645	49647	3		9	12h	PK_15	12	33	48656	49567	48656	49567	-80	33	49647	0	0	0	
LT934125.1	+	UL40	PK_15_1h	33	49644	49647	49647	29191.616766	21706.586826	49645	49647	3		4	1h	PK_15	1	33	48656	49567	48656	49567	-80	33	49647	0	0	0	
LT934125.1	+	UL40	PK_15_2h	33	49642	49647	49647	56675.381632	44277.641899	49645	49647	3		6	2h	PK_15	2	33	48656	49567	48656	49567	-80	33	49647	0	0	0	
LT934125.1	+	UL40	PK_15_4h	33	49640	49648	49647	58591.151032	46074.517631	49645	49647	3		9	4h	PK_15	4	33	48656	49567	48656	49567	-80	33	49647	0	0	0	
LT934125.1	+	UL40	PK_15_6h	33	49638	49648	49647	35050.73729	28118.066701	49645	49647	3		11	6h	PK_15	6	33	48656	49567	48656	49567	-80	33	49647	0	0	0	
LT934125.1	+	UL40	PK_15_8h	33	49638	49648	49647	31784.200691	26493.48576	49645	49647	3		11	8h	PK_15	8	33	48656	49567	48656	49567	-80	33	49647	0	0	0	
LT934125.1	+	UL42	C6_4h	35	51338	51338	51338	283.607487	283.607487	51338	51338	1	UL42	1	4h	C6	4	35	51270	52415	51270	52415	1077	35	51589	251	251	0	0
LT934125.1	+	UL42	PC_12_4h	36	51840	51840	51840	51.474752	51.474752	51840	51840	1	UL42	1	4h	PC_12	4	36	51270	52415	51270	52415	575	36	51589	-251	251	0	0
LT934125.1	+	UL43	C6_12h	37	52421	52440	52437	9566.710091	5726.87761	52434	52439	6		20	12h	C6	12	37	52473	53594	52473	53594	1157	37	52437	0	0.181818181818182	0.5884898863365	3.23669437485075
LT934125.1	+	UL43	C6_1h	37	52437	52439	52437	9132.420091	6523.157208	52437	52439	3		3	1h	C6	1	37	52473	53594	52473	53594	1157	37	52437	0	0.181818181818182	0.5884898863365	3.23669437485075
LT934125.1	+	UL43	C6_2h	37	52430	52439	52437	12201.32181	6100.660905	52434	52439	6		10	2h	C6	2	37	52473	53594	52473	53594	1157	37	52437	0	0.181818181818182	0.5884898863365	3.23669437485075
LT934125.1	+	UL43	C6_4h	37	52426	52443	52437	15031.196823	7373.794668	52430	52439	10		18	4h	C6	4	37	52473	53594	52473	53594	1157	37	52437	0	0.181818181818182	0.5884898863365	3.23669437485075
LT934125.1	+	UL43	C6_6h	37	52422	52440	52437	11508.044721	7090.264521	52434	52439	6		19	6h	C6	6	37	52473	53594	52473	53594	1157	37	52437	0	0.181818181818182	0.5884898863365	3.23669437485075
LT934125.1	+	UL43	C6_8h	37	52425	52440	52437	9407.372161	5698.109985	52434	52439	6		16	8h	C6	8	37	52473	53594	52473	53594	1157	37	52437	0	0.181818181818182	0.5884898863365	3.23669437485075
LT934125.1	+	UL43	NRK_1h	37	52434	52439	52437	18421.052631	7894.736842	52434	52439	6		6	1h	NRK	1	37	52473	53594	52473	53594	1157	37	52437	0	0.181818181818182	0.5884898863365	3.23669437485075
LT934125.1	+	UL43	NRK_2h	37	52432	52439	52437	22875.816993	10620.915033	52435	52437	3		8	2h	NRK	2	37	52473	53594	52473	53594	1157	37	52437	0	0.181818181818182	0.5884898863365	3.23669437485075
LT934125.1	+	UL43	PC_12_0.5h	37	52435	52437	52435	33333.333334	16666.666667	52435	52437	3		3	0.5h	PC_12	0.5	37	52473	53594	52473	53594	1159	37	52437	2	0.181818181818182	0.5884898863365	3.23669437485075
LT934125.1	+	UL43	PC_12_1.5h	37	52435	52439	52435	19255.455711	8985.879332	52435	52439	5		5	1.5h	PC_12	1.5	37	52473	53594	52473	53594	1159	37	52437	2	0.181818181818182	0.5884898863365	3.23669437485075
LT934125.1	+	UL43	PC_12_12h	37	52422	52440	52437	8365.099248	4880.543028	52434	52439	6		19	12h	PC_12	12	37	52473	53594	52473	53594	1157	37	52437	0	0.181818181818182	0.5884898863365	3.23669437485075
LT934125.1	+	UL43	PC_12_1h	37	52426	52439	52437	4573.170732	1524.390244	52426	52439	14		14	1h	PC_12	1	37	52473	53594	52473	53594	1157	37	52437	0	0.181818181818182	0.5884898863365	3.23669437485075
LT934125.1	+	UL43	PC_12_2h	37	52421	52439	52437	12549.019605	7320.261438	52427	52439	13		19	2h	PC_12	2	37	52473	53594	52473	53594	1157	37	52437	0	0.181818181818182	0.5884898863365	3.23669437485075
LT934125.1	+	UL43	PC_12_4h	37	52421	52440	52437	13898.182944	8390.384516	52434	52439	6		20	4h	PC_12	4	37	52473	53594	52473	53594	1157	37	52437	0	0.181818181818182	0.5884898863365	3.23669437485075
LT934125.1	+	UL43	PC_12_6h	37	52421	52440	52437	11030.966137	6098.420304	52434	52439	6		20	6h	PC_12	6	37	52473	53594	52473	53594	1157	37	52437	0	0.181818181818182	0.5884898863365	3.23669437485075
LT934125.1	+	UL43	PC_12_8h	37	52421	52440	52437	10629.05733	6205.997988	52434	52439	6		20	8h	PC_12	8	37	52473	53594	52473	53594	1157	37	52437	0	0.181818181818182	0.5884898863365	3.23669437485075
LT934125.1	+	UL43	PK_15_12h	37	52420	52440	52437	13557.950897	8034.112558	52434	52439	6		21	12h	PK_15	12	37	52473	53594	52473	53594	1157	37	52437	0	0.181818181818182	0.5884898863365	3.23669437485075
LT934125.1	+	UL43	PK_15_1h	37	52429	52439	52437	5239.520958	2245.508982	52429	52439	11		11	1h	PK_15	1	37	52473	53594	52473	53594	1157	37	52437	0	0.181818181818182	0.5884898863365	3.23669437485075
LT934125.1	+	UL43	PK_15_2h	37	52421	52442	52437	7759.129632	5060.301931	52434	52439	6		22	2h	PK_15	2	37	52473	53594	52473	53594	1157	37	52437	0	0.181818181818182	0.5884898863365	3.23669437485075
LT934125.1	+	UL43	PK_15_4h	37	52422	52440	52437	15302.727878	9231.536926	52434	52439	6		19	4h	PK_15	4	37	52473	53594	52473	53594	1157	37	52437	0	0.181818181818182	0.5884898863365	3.23669437485075
LT934125.1	+	UL43	PK_15_6h	37	52420	52440	52437	13397.461373	8160.226192	52434	52439	6		21	6h	PK_15	6	37	52473	53594	52473	53594	1157	37	52437	0	0.181818181818182	0.5884898863365	3.23669437485075
LT934125.1	+	UL43	PK_15_8h	37	52420	52440	52437	13053.423497	7757.719679	52434	52439	6		21	8h	PK_15	8	37	52473	53594	52473	53594	1157	37	52437	0	0.181818181818182	0.5884898863365	3.23669437485075
LT934125.1	+	UL44	PK_15_12h	40	54100	54100	54100	13.894507	13.894507	54100	54100	1	UL44	1	12h	PK_15	12	40	53661	55103	53661	55103	1003	40	54100	0	0		
LT934125.1	+	UL47	C6_6h	11	12077	12086	12077	109.080992	54.540496	12077	12086	10	UL47	10	6h	C6	6	11	11815	14052	11815	14052	1975	11	12166	89	18	32.5166623953525	1.80648124418625
LT934125.1	+	UL47	C6_8h	12	12168	12171	12171	61.007602	36.604561	12168	12171	4	UL47	4	8h	C6	8	12	11815	14052	11815	14052	1881	12	12166	-5	18	32.5166623953525	1.80648124418625
LT934125.1	+	UL47	PC_12_12h	12	12168	12177	12168	159.618646	78.456623	12168	12177	10	UL47	10	12h	PC_12	12	12	11815	14052	11815	14052	1884	12	12166	-2	18	32.5166623953525	1.80648124418625
LT934125.1	+	UL47	PC_12_4h	12	12168	12177	12168	102.949504	51.474752	12168	12177	10	UL47	10	4h	PC_12	4	12	11815	14052	11815	14052	1884	12	12166	-2	18	32.5166623953525	1.80648124418625
LT934125.1	+	UL47	PC_12_6h	12	12168	12177	12168	64.059037	38.435422	12168	12177	10	UL47	10	6h	PC_12	6	12	11815	14052	11815	14052	1884	12	12166	-2	18	32.5166623953525	1.80648124418625
LT934125.1	+	UL47	PC_12_8h	12	12171	12171	12171	22.858188	22.858188	12171	12171	1	UL47	1	8h	PC_12	8	12	11815	14052	11815	14052	1881	12	12166	-5	18	32.5166623953525	1.80648124418625
LT934125.1	+	UL47	PK_15_12h	12	12166	12177	12168	563.49944	220.768274	12168	12177	10	UL47	12	12h	PK_15	12	12	11815	14052	11815	14052	1884	12	12166	-2	18	32.5166623953525	1.80648124418625
LT934125.1	+	UL47	PK_15_2h	13	12235	12235	12235	84.338366	84.338366	12235	12235	1	UL47	1	2h	PK_15	2	13	11815	14052	11815	14052	1817	13	12166	-69	18	32.5166623953525	1.80648124418625
LT934125.1	+	UL47	PK_15_6h	12	12168	12177	12168	115.712208	70.433518	12168	12177	10	UL47	10	6h	PK_15	6	12	11815	14052	11815	14052	1884	12	12166	-2	18	32.5166623953525	1.80648124418625
LT934125.1	+	UL47	PK_15_8h	12	12168	12177	12168	194.566603	99.777745	12168	12177	10	UL47	10	8h	PK_15	8	12	11815	14052	11815	14052	1884	12	12166	-2	18	32.5166623953525	1.80648124418625
LT934125.1	+	UL48	C6_12h	9	10412	10431	10426	40816.177455	29678.958838	10425	10430	6		20	12h	C6	12	9	10473	11714	10473	11714	1288	9	10426	0	0	0	
LT934125.1	+	UL48	C6_1h	9	10417	10431	10426	35877.364645	22831.050228	10424	10431	8		15	1h	C6	1	9	10473	11714	10473	11714	1288	9	10426	0	0	0	
LT934125.1	+	UL48	C6_2h	9	10420	10431	10426	41179.461108	31011.692933	10425	10429	5		12	2h	C6	2	9	10473	11714	10473	11714	1288	9	10426	0	0	0	
LT934125.1	+	UL48	C6_4h	9	10420	10431	10426	27509.92626	21270.561543	10426	10431	6		12	4h	C6	4	9	10473	11714	10473	11714	1288	9	10426	0	0	0	
LT934125.1	+	UL48	C6_6h	9	10414	10431	10426	32069.811835	23397.872921	10425	10430	6		18	6h	C6	6	9	10473	11714	10473	11714	1288	9	10426	0	0	0	
LT934125.1	+	UL48	C6_8h	9	10417	10431	10426	35713.849945	26257.671706	10425	10430	6		15	8h	C6	8	9	10473	11714	10473	11714	1288	9	10426	0	0	0	
LT934125.1	+	UL48	NRK_1h	9	10424	10426	10426	21052.631579	15789.473684	10424	10426	3		3	1h	NRK	1	9	10473	11714	10473	11714	1288	9	10426	0	0	0	
LT934125.1	+	UL48	NRK_2h	9	10421	10431	10426	22058.823529	14705.882353	10423	10429	7		11	2h	NRK	2	9	10473	11714	10473	11714	1288	9	10426	0	0	0	
LT934125.1	+	UL48	PC_12_1.5h	9	10424	10431	10426	24390.243902	17971.758665	10424	10431	8		8	1.5h	PC_12	1.5	9	10473	11714	10473	11714	1288	9	10426	0	0	0	
LT934125.1	+	UL48	PC_12_12h	9	10412	10431	10426	45707.746374	32329.53946	10424	10430	7		20	12h	PC_12	12	9	10473	11714	10473	11714	1288	9	10426	0	0	0	
LT934125.1	+	UL48	PC_12_1h	9	10423	10431	10426	23628.048781	15243.902439	10425	10430	6		9	1h	PC_12	1	9	10473	11714	10473	11714	1288	9	10426	0	0	0	
LT934125.1	+	UL48	PC_12_2.5h	9	10419	10431	10426	36175.710593	22825.150732	10424	10431	8		13	2.5h	PC_12	2.5	9	10473	11714	10473	11714	1288	9	10426	0	0	0	
LT934125.1	+	UL48	PC_12_2h	9	10414	10431	10426	25620.915029	18300.653595	10424	10430	7		18	2h	PC_12	2	9	10473	11714	10473	11714	1288	9	10426	0	0	0	
LT934125.1	+	UL48	PC_12_4h	9	10412	10431	10426	34899.881609	25737.375817	10425	10430	6		20	4h	PC_12	4	9	10473	11714	10473	11714	1288	9	10426	0	0	0	
LT934125.1	+	UL48	PC_12_6h	9	10414	10431	10426	34950.61048	25482.684842	10425	10430	6		18	6h	PC_12	6	9	10473	11714	10473	11714	1288	9	10426	0	0	0	
LT934125.1	+	UL48	PC_12_8h	9	10412	10431	10426	38973.210204	27944.134589	10425	10430	6		20	8h	PC_12	8	9	10473	11714	10473	11714	1288	9	10426	0	0	0	
LT934125.1	+	UL48	PK_15_12h	9	10412	10431	10426	56505.8712	37757.550121	10425	10431	7		20	12h	PK_15	12	9	10473	11714	10473	11714	1288	9	10426	0	0	0	
LT934125.1	+	UL48	PK_15_1h	9	10420	10431	10426	14970.05988	5239.520958	10424	10431	8		12	1h	PK_15	1	9	10473	11714	10473	11714	1288	9	10426	0	0	0	
LT934125.1	+	UL48	PK_15_2h	9	10417	10431	10426	42928.228052	25132.832926	10424	10431	8		15	2h	PK_15	2	9	10473	11714	10473	11714	1288	9	10426	0	0	0	
LT934125.1	+	UL48	PK_15_4h	9	10412	10431	10426	40710.246177	26176.813041	10425	10431	7		20	4h	PK_15	4	9	10473	11714	10473	11714	1288	9	10426	0	0	0	
LT934125.1	+	UL48	PK_15_6h	9	10412	10431	10426	34150.194446	22533.694892	10425	10431	7		20	6h	PK_15	6	9	10473	11714	10473	11714	1288	9	10426	0	0	0	
LT934125.1	+	UL48	PK_15_8h	9	10413	10431	10426	38816.037276	26226.580292	10425	10431	7		19	8h	PK_15	8	9	10473	11714	10473	11714	1288	9	10426	0	0	0	
LT934125.1	+	UL49	NRK_2h	8	10332	10332	10332	816.993464	816.993464	10332	10332	1	UL49	1	2h	NRK	2	8	9657	10409	9657	10409	77	8	10168	-164	208.25	42.0822607124031	0.202075681692212
LT934125.1	+	UL49	PC_12_0.5h	9	10421	10431	10421	33333.333334	16666.666667	10421	10431	11		11	0.5h	PC_12	0.5	9	9657	10409	9657	10409	-12	9	10168	-253	208.25	42.0822607124031	0.202075681692212
LT934125.1	+	UL49	PC_12_2h	6	9934	9934	9934	261.437908	261.437908	9934	9934	1	UL49	1	2h	PC_12	2	6	9657	10409	9657	10409	475	6	10168	234	208.25	42.0822607124031	0.202075681692212
LT934125.1	+	UL49	PC_12_4h	7	9986	9986	9986	51.474752	51.474752	9986	9986	1	UL49	1	4h	PC_12	4	7	9657	10409	9657	10409	423	7	10168	182	208.25	42.0822607124031	0.202075681692212
LT934125.1	+	UL49.5	PK_15_4h	5	9279	9279	9279	41.5835	41.5835	9279	9279	1		1	4h	PK_15	4	5	9323	9619	9323	9619	340	5	9279	0	0	0	
LT934125.1	+	UL49.5	PK_15_6h	5	9272	9279	9279	35.216759	20.123862	9272	9279	8		8	6h	PK_15	6	5	9323	9619	9323	9619	340	5	9279	0	0	0	
LT934125.1	+	UL51	C6_12h	4	8518	8526	8523	1760.430491	1083.52914	8519	8526	8		9	12h	C6	12	4	7729	8439	7729	8439	-84	4	8523	0	0	0	
LT934125.1	+	UL51	C6_1h	4	8518	8526	8523	2609.262884	1304.631442	8518	8526	9		9	1h	C6	1	4	7729	8439	7729	8439	-84	4	8523	0	0	0	
LT934125.1	+	UL51	C6_2h	4	8519	8526	8523	5592.272497	4067.10727	8520	8523	4		8	2h	C6	2	4	7729	8439	7729	8439	-84	4	8523	0	0	0	
LT934125.1	+	UL51	C6_4h	4	8519	8526	8523	3403.289846	2552.467385	8520	8523	4		8	4h	C6	4	4	7729	8439	7729	8439	-84	4	8523	0	0	0	
LT934125.1	+	UL51	C6_6h	4	8509	8526	8523	4254.158713	2836.105809	8519	8526	8		18	6h	C6	6	4	7729	8439	7729	8439	-84	4	8523	0	0	0	
LT934125.1	+	UL51	C6_8h	4	8518	8526	8523	3489.634808	2135.266054	8519	8526	8		9	8h	C6	8	4	7729	8439	7729	8439	-84	4	8523	0	0	0	
LT934125.1	+	UL51	NRK_2h	4	8520	8523	8523	4901.960784	3267.973856	8520	8523	4		4	2h	NRK	2	4	7729	8439	7729	8439	-84	4	8523	0	0	0	
LT934125.1	+	UL51	PC_12_1.5h	4	8518	8523	8523	5134.788189	2567.394095	8518	8523	6		6	1.5h	PC_12	1.5	4	7729	8439	7729	8439	-84	4	8523	0	0	0	
LT934125.1	+	UL51	PC_12_12h	4	8512	8526	8523	1612.418871	973.944285	8519	8526	8		15	12h	PC_12	12	4	7729	8439	7729	8439	-84	4	8523	0	0	0	
LT934125.1	+	UL51	PC_12_1h	4	8519	8526	8523	5335.365854	3048.780488	8519	8526	8		8	1h	PC_12	1	4	7729	8439	7729	8439	-84	4	8523	0	0	0	
LT934125.1	+	UL51	PC_12_2.5h	4	8519	8523	8523	2153.316106	1291.989664	8519	8523	5		5	2.5h	PC_12	2.5	4	7729	8439	7729	8439	-84	4	8523	0	0	0	
LT934125.1	+	UL51	PC_12_2h	4	8519	8526	8523	4705.882351	3398.69281	8521	8526	6		8	2h	PC_12	2	4	7729	8439	7729	8439	-84	4	8523	0	0	0	
LT934125.1	+	UL51	PC_12_4h	4	8518	8526	8523	6125.495445	4117.980131	8519	8526	8		9	4h	PC_12	4	4	7729	8439	7729	8439	-84	4	8523	0	0	0	
LT934125.1	+	UL51	PC_12_6h	4	8512	8526	8523	4420.073539	2805.785812	8519	8526	8		15	6h	PC_12	6	4	7729	8439	7729	8439	-84	4	8523	0	0	0	
LT934125.1	+	UL51	PC_12_8h	4	8518	8526	8523	2742.982536	1417.207644	8519	8526	8		9	8h	PC_12	8	4	7729	8439	7729	8439	-84	4	8523	0	0	0	
LT934125.1	+	UL51	PK_15_12h	4	8518	8526	8523	691.637668	470.869395	8519	8526	8		9	12h	PK_15	12	4	7729	8439	7729	8439	-84	4	8523	0	0	0	
LT934125.1	+	UL51	PK_15_1h	4	8523	8523	8523	3742.51497	3742.51497	8523	8523	1		1	1h	PK_15	1	4	7729	8439	7729	8439	-84	4	8523	0	0	0	
LT934125.1	+	UL51	PK_15_2h	4	8519	8528	8523	1855.444043	1012.060386	8520	8526	7		10	2h	PK_15	2	4	7729	8439	7729	8439	-84	4	8523	0	0	0	
LT934125.1	+	UL51	PK_15_4h	4	8517	8526	8523	6611.776448	3784.09847	8519	8526	8		10	4h	PK_15	4	4	7729	8439	7729	8439	-84	4	8523	0	0	0	
LT934125.1	+	UL51	PK_15_6h	4	8512	8526	8523	3788.317091	2178.408102	8519	8526	8		15	6h	PK_15	6	4	7729	8439	7729	8439	-84	4	8523	0	0	0	
LT934125.1	+	UL51	PK_15_8h	4	8518	8526	8523	2449.543641	1653.816125	8519	8526	8		9	8h	PK_15	8	4	7729	8439	7729	8439	-84	4	8523	0	0	0	
LT934125.1	+	UL9	C6_8h	63	81799	81801	81801	61.007602	36.604561	81799	81801	3	UL9	3	8h	C6	8	63	81550	84090	81550	84090	2289	63	81798	-3	1	1	1
LT934125.1	+	UL9	PC_12_12h	63	81799	81799	81799	16.232405	16.232405	81799	81799	1	UL9	1	12h	PC_12	12	63	81550	84090	81550	84090	2291	63	81798	-1	1	1	1
LT934125.1	+	UL9	PC_12_4h	63	81797	81801	81797	102.949504	51.474752	81797	81801	5	UL9	5	4h	PC_12	4	63	81550	84090	81550	84090	2293	63	81798	1	1	1	1
LT934125.1	+	UL9	PC_12_8h	63	81797	81797	81797	22.858188	22.858188	81797	81797	1	UL9	1	8h	PC_12	8	63	81550	84090	81550	84090	2293	63	81798	1	1	1	1
LT934125.1	+	UL9	PK_15_12h	63	81796	81806	81798	71.016368	18.526009	81796	81806	11	UL9	11	12h	PK_15	12	63	81550	84090	81550	84090	2292	63	81798	0	1	1	1
LT934125.1	+	UL9	PK_15_6h	63	81799	81806	81799	35.216759	20.123862	81799	81806	8	UL9	8	6h	PK_15	6	63	81550	84090	81550	84090	2291	63	81798	-1	1	1	1
LT934125.1	+	UL9	PK_15_8h	63	81798	81801	81798	24.944436	12.472218	81798	81801	4	UL9	4	8h	PK_15	8	63	81550	84090	81550	84090	2292	63	81798	0	1	1	1
LT934125.1	+	US1	C6_12h	118	116619	116705	116669	4628.73909	535.677327	116629	116689	61	US1	87	12h	C6	12	118	115740	116831	115740	116831	162	118	116664	-5	53.0909090909091	62.5658925381146	1.17846715397134
LT934125.1	+	US1	C6_2h	117	116628	116630	116628	1525.165226	1016.776817	116628	116630	3	US1	3	2h	C6	2	117	115740	116831	115740	116831	203	117	116664	36	53.0909090909091	62.5658925381146	1.17846715397134
LT934125.1	+	US1	C6_6h	117	116615	116705	116633	7690.209977	872.647941	116628	116686	59	US1	91	6h	C6	6	117	115740	116831	115740	116831	198	117	116664	31	53.0909090909091	62.5658925381146	1.17846715397134
LT934125.1	+	US1	NRK_2h	114	116441	116441	116441	816.993464	816.993464	116441	116441	1	US1	1	2h	NRK	2	114	115740	116831	115740	116831	390	114	116664	223	53.0909090909091	62.5658925381146	1.17846715397134
LT934125.1	+	US1	PC_12_0.5h	119	116728	116728	116728	16666.666667	16666.666667	116728	116728	1	US1	1	0.5h	PC_12	0.5	119	115740	116831	115740	116831	103	119	116664	-64	53.0909090909091	62.5658925381146	1.17846715397134
LT934125.1	+	US1	PC_12_1.5h	119	116727	116741	116732	11553.273426	2567.394095	116727	116741	15	US1	15	1.5h	PC_12	1.5	119	115740	116831	115740	116831	99	119	116664	-68	53.0909090909091	62.5658925381146	1.17846715397134
LT934125.1	+	US1	PC_12_1h	118	116669	116677	116675	3048.780488	1524.390244	116669	116677	9	US1	9	1h	PC_12	1	118	115740	116831	115740	116831	156	118	116664	-11	53.0909090909091	62.5658925381146	1.17846715397134
LT934125.1	+	US1	PC_12_4h	118	116619	116754	116669	16780.769044	1389.818294	116629	116732	104	US1	136	4h	PC_12	4	118	115740	116831	115740	116831	162	118	116664	-5	53.0909090909091	62.5658925381146	1.17846715397134
LT934125.1	+	US1	PC_12_8h	119	116621	116750	116732	11166.22475	1131.480296	116628	116732	105	US1	130	8h	PC_12	8	119	115740	116831	115740	116831	99	119	116664	-68	53.0909090909091	62.5658925381146	1.17846715397134
LT934125.1	+	US1	PK_15_12h	118	116619	116750	116669	8920.273319	855.284081	116629	116732	104	US1	132	12h	PK_15	12	118	115740	116831	115740	116831	162	118	116664	-5	53.0909090909091	62.5658925381146	1.17846715397134
LT934125.1	+	US1	PK_15_8h	119	116619	116750	116732	24812.23076	2886.071276	116630	116732	103	US1	132	8h	PK_15	8	119	115740	116831	115740	116831	99	119	116664	-68	53.0909090909091	62.5658925381146	1.17846715397134
LT934125.1	+	US2	C6_12h	139	126139	126151	126151	53645.649449	39550.031045	126148	126151	4		13	12h	C6	12	139	125308	126078	125308	126078	-73	139	126151	0	0	0	
LT934125.1	+	US2	C6_1h	139	126145	126152	126151	52185.257665	36529.680365	126148	126151	4		8	1h	C6	1	139	125308	126078	125308	126078	-73	139	126151	0	0	0	
LT934125.1	+	US2	C6_2h	139	126144	126152	126151	52872.394509	38129.130656	126148	126151	4		9	2h	C6	2	139	125308	126078	125308	126078	-73	139	126151	0	0	0	
LT934125.1	+	US2	C6_4h	139	126141	126151	126151	54169.030061	38003.40329	126148	126151	4		11	4h	C6	4	139	125308	126078	125308	126078	-73	139	126151	0	0	0	
LT934125.1	+	US2	C6_6h	139	126139	126151	126151	53722.388872	38014.725934	126148	126151	4		13	6h	C6	6	139	125308	126078	125308	126078	-73	139	126151	0	0	0	
LT934125.1	+	US2	C6_8h	139	126139	126152	126151	53955.12281	38495.796576	126148	126151	4		14	8h	C6	8	139	125308	126078	125308	126078	-73	139	126151	0	0	0	
LT934125.1	+	US2	NRK_1h	139	126146	126151	126151	68421.052631	39473.684211	126148	126151	4		6	1h	NRK	1	139	125308	126078	125308	126078	-73	139	126151	0	0	0	
LT934125.1	+	US2	NRK_2h	139	126141	126152	126151	38398.69281	17973.856209	126147	126151	5		12	2h	NRK	2	139	125308	126078	125308	126078	-73	139	126151	0	0	0	
LT934125.1	+	US2	PC_12_0.5h	139	126151	126151	126151	83333.333333	83333.333333	126151	126151	1		1	0.5h	PC_12	0.5	139	125308	126078	125308	126078	-73	139	126151	0	0	0	
LT934125.1	+	US2	PC_12_1.5h	139	126145	126154	126151	52631.578946	41078.30552	126148	126151	4		10	1.5h	PC_12	1.5	139	125308	126078	125308	126078	-73	139	126151	0	0	0	
LT934125.1	+	US2	PC_12_12h	139	126137	126152	126151	43183.607434	31423.230194	126148	126151	4		16	12h	PC_12	12	139	125308	126078	125308	126078	-73	139	126151	0	0	0	
LT934125.1	+	US2	PC_12_1h	139	126144	126151	126151	53353.658538	38871.95122	126148	126151	4		8	1h	PC_12	1	139	125308	126078	125308	126078	-73	139	126151	0	0	0	
LT934125.1	+	US2	PC_12_2.5h	139	126146	126151	126151	49095.607234	40051.679587	126149	126151	3		6	2.5h	PC_12	2.5	139	125308	126078	125308	126078	-73	139	126151	0	0	0	
LT934125.1	+	US2	PC_12_2h	139	126141	126151	126151	51764.705881	35816.993464	126148	126151	4		11	2h	PC_12	2	139	125308	126078	125308	126078	-73	139	126151	0	0	0	
LT934125.1	+	US2	PC_12_4h	139	126139	126152	126151	37473.61919	25634.426314	126148	126151	4		14	4h	PC_12	4	139	125308	126078	125308	126078	-73	139	126151	0	0	0	
LT934125.1	+	US2	PC_12_6h	139	126139	126152	126151	41612.75031	28339.717884	126148	126151	4		14	6h	PC_12	6	139	125308	126078	125308	126078	-73	139	126151	0	0	0	
LT934125.1	+	US2	PC_12_8h	139	126140	126151	126151	40847.581604	30298.527933	126148	126151	4		12	8h	PC_12	8	139	125308	126078	125308	126078	-73	139	126151	0	0	0	
LT934125.1	+	US2	PK_15_12h	139	126137	126151	126151	31492.67142	22655.76514	126148	126151	4		15	12h	PK_15	12	139	125308	126078	125308	126078	-73	139	126151	0	0	0	
LT934125.1	+	US2	PK_15_1h	139	126148	126151	126151	17215.568862	11227.54491	126148	126151	4		4	1h	PK_15	1	139	125308	126078	125308	126078	-73	139	126151	0	0	0	
LT934125.1	+	US2	PK_15_2h	139	126141	126151	126151	43940.288438	28928.059374	126148	126151	4		11	2h	PK_15	2	139	125308	126078	125308	126078	-73	139	126151	0	0	0	
LT934125.1	+	US2	PK_15_4h	139	126141	126152	126151	35824.184964	24263.972056	126148	126151	4		12	4h	PK_15	4	139	125308	126078	125308	126078	-73	139	126151	0	0	0	
LT934125.1	+	US2	PK_15_6h	139	126137	126151	126151	28299.181461	19661.013538	126148	126151	4		15	6h	PK_15	6	139	125308	126078	125308	126078	-73	139	126151	0	0	0	
LT934125.1	+	US2	PK_15_8h	139	126137	126152	126151	26865.157862	19925.615691	126148	126151	4		16	8h	PK_15	8	139	125308	126078	125308	126078	-73	139	126151	0	0	0	
LT934125.1	+	US4	C6_6h	123	119498	119498	119498	54.540496	54.540496	119498	119498	1	US4	1	6h	C6	6	123	118897	120396	118897	120396	898	123	119498	0	0		
LT934125.1	+	US6	PC_12_2h	128	120564	120564	120564	261.437908	261.437908	120564	120564	1		1	2h	PC_12	2	128	120576	121778	120576	121778	1214	128	120564	0	0		
LT934125.1	+	US7	C6_4h	130	122462	122462	122462	283.607487	283.607487	122462	122462	1	US7	1	4h	C6	4	130	121799	122896	121799	122896	434	130	122436	-26	26.5	0.707106781186548	0.0266832747617565
LT934125.1	+	US7	C6_6h	129	122409	122409	122409	54.540496	54.540496	122409	122409	1	US7	1	6h	C6	6	129	121799	122896	121799	122896	487	129	122436	27	26.5	0.707106781186548	0.0266832747617565
LT934125.1	+	US8	PC_12_2.5h	132	122956	122956	122956	430.663221	430.663221	122956	122956	1		1	2.5h	PC_12	2.5	132	123000	124730	123000	124730	1774	132	122956	0	0		
LT934125.1	+	US9	C6_12h	136	125225	125233	125230	10260.655718	8078.988057	125228	125230	3		9	12h	C6	12	136	124788	125084	124788	125084	-146	136	125230	0	0	0	
LT934125.1	+	US9	C6_1h	136	125225	125235	125230	15655.577301	11741.682975	125228	125230	3		11	1h	C6	1	136	124788	125084	124788	125084	-146	136	125230	0	0	0	
LT934125.1	+	US9	C6_2h	136	125225	125230	125230	10167.768174	8134.21454	125229	125230	2		6	2h	C6	2	136	124788	125084	124788	125084	-146	136	125230	0	0	0	
LT934125.1	+	US9	C6_4h	136	125225	125235	125230	12478.729438	10209.869541	125228	125230	3		11	4h	C6	4	136	124788	125084	124788	125084	-146	136	125230	0	0	0	
LT934125.1	+	US9	C6_8h	136	125225	125232	125230	11652.451896	9090.132631	125228	125230	3		8	8h	C6	8	136	124788	125084	124788	125084	-146	136	125230	0	0	0	
LT934125.1	+	US9	NRK_1h	136	125226	125230	125230	13157.894736	7894.736842	125226	125230	5		5	1h	NRK	1	136	124788	125084	124788	125084	-146	136	125230	0	0	0	
LT934125.1	+	US9	NRK_2h	136	125225	125235	125230	24509.803921	21241.830065	125230	125230	1		11	2h	NRK	2	136	124788	125084	124788	125084	-146	136	125230	0	0	0	
LT934125.1	+	US9	PC_12_1.5h	136	125225	125232	125230	11553.273425	6418.485237	125225	125232	8		8	1.5h	PC_12	1.5	136	124788	125084	124788	125084	-146	136	125230	0	0	0	
LT934125.1	+	US9	PC_12_12h	136	125223	125232	125230	13237.526072	10691.743928	125228	125230	3		10	12h	PC_12	12	136	124788	125084	124788	125084	-146	136	125230	0	0	0	
LT934125.1	+	US9	PC_12_1h	136	125225	125233	125230	16768.292683	13719.512195	125229	125230	2		9	1h	PC_12	1	136	124788	125084	124788	125084	-146	136	125230	0	0	0	
LT934125.1	+	US9	PC_12_2.5h	136	125225	125230	125230	14642.549526	13350.559862	125230	125230	1		6	2.5h	PC_12	2.5	136	124788	125084	124788	125084	-146	136	125230	0	0	0	
LT934125.1	+	US9	PC_12_2h	136	125225	125242	125230	22483.66013	15163.398693	125227	125230	4		18	2h	PC_12	2	136	124788	125084	124788	125084	-146	136	125230	0	0	0	
LT934125.1	+	US9	PC_12_4h	136	125220	125233	125230	10346.42508	8338.909765	125227	125230	4		14	4h	PC_12	4	136	124788	125084	124788	125084	-146	136	125230	0	0	0	
LT934125.1	+	US9	PC_12_6h	136	125222	125232	125230	11594.685663	9122.006842	125227	125230	4		11	6h	PC_12	6	136	124788	125084	124788	125084	-146	136	125230	0	0	0	
LT934125.1	+	US9	PK_15_1h	136	125228	125230	125230	5988.023952	4491.017964	125228	125230	3		3	1h	PK_15	1	136	124788	125084	124788	125084	-146	136	125230	0	0	0	
LT934125.1	+	US9	PK_15_2h	136	125225	125235	125230	15012.229063	11132.664249	125228	125230	3		11	2h	PK_15	2	136	124788	125084	124788	125084	-146	136	125230	0	0	0	
LT934125.1	+	US9	PK_15_4h	136	125222	125235	125230	13410.678645	10291.916168	125228	125230	3		14	4h	PK_15	4	136	124788	125084	124788	125084	-146	136	125230	0	0	0	
LT934125.1	+	US9	PK_15_6h	136	125223	125235	125230	14836.317537	11380.044172	125227	125230	4		13	6h	PK_15	6	136	124788	125084	124788	125084	-146	136	125230	0	0	0	
LT934125.1	+	US9	PK_15_8h	136	125220	125235	125230	20920.898698	16745.200067	125228	125230	3		16	8h	PK_15	8	136	124788	125084	124788	125084	-146	136	125230	0	0	0	
LT934125.1	-	CTO-M	C6_12h	229	64133	64143	64133	2610.209525	1641.12054	64133	64141	9	UL21	11	12h	C6	12	229	63164	64127	64127	63164	-969	229	64134	1	1.40909090909091	1.05375025997131	0.747822765140932
LT934125.1	-	CTO-M	C6_1h	229	64133	64140	64133	3261.578605	1304.631442	64133	64140	8	UL21	8	1h	C6	1	229	63164	64127	64127	63164	-969	229	64134	1	1.40909090909091	1.05375025997131	0.747822765140932
LT934125.1	-	CTO-M	C6_2h	229	64133	64141	64133	2541.942044	1525.165226	64133	64141	9	UL21	9	2h	C6	2	229	63164	64127	64127	63164	-969	229	64134	1	1.40909090909091	1.05375025997131	0.747822765140932
LT934125.1	-	CTO-M	C6_4h	229	64133	64136	64133	3686.897334	3119.68236	64133	64134	2	UL21	4	4h	C6	4	229	63164	64127	64127	63164	-969	229	64134	1	1.40909090909091	1.05375025997131	0.747822765140932
LT934125.1	-	CTO-M	C6_6h	229	64133	64146	64133	2945.186801	1799.836379	64133	64141	9	UL21	14	6h	C6	6	229	63164	64127	64127	63164	-969	229	64134	1	1.40909090909091	1.05375025997131	0.747822765140932
LT934125.1	-	CTO-M	C6_8h	229	64132	64144	64133	2940.566396	1720.414364	64133	64141	9	UL21	13	8h	C6	8	229	63164	64127	64127	63164	-969	229	64134	1	1.40909090909091	1.05375025997131	0.747822765140932
LT934125.1	-	CTO-M	NRK_1h	229	64133	64138	64133	5263.157894	2631.578947	64133	64138	6	UL21	6	1h	NRK	1	229	63164	64127	64127	63164	-969	229	64134	1	1.40909090909091	1.05375025997131	0.747822765140932
LT934125.1	-	CTO-M	NRK_2h	229	64133	64144	64138	8169.93464	6535.947712	64138	64138	1	UL21	12	2h	NRK	2	229	63164	64127	64127	63164	-974	229	64134	-4	1.40909090909091	1.05375025997131	0.747822765140932
LT934125.1	-	CTO-M	PC_12_1.5h	229	64133	64146	64138	6418.485236	3851.091142	64133	64146	14	UL21	14	1.5h	PC_12	1.5	229	63164	64127	64127	63164	-974	229	64134	-4	1.40909090909091	1.05375025997131	0.747822765140932
LT934125.1	-	CTO-M	PC_12_12h	229	64133	64144	64133	3143.67572	2131.855824	64133	64141	9	UL21	12	12h	PC_12	12	229	63164	64127	64127	63164	-969	229	64134	1	1.40909090909091	1.05375025997131	0.747822765140932
LT934125.1	-	CTO-M	PC_12_1h	229	64133	64133	64133	1524.390244	1524.390244	64133	64133	1	UL21	1	1h	PC_12	1	229	63164	64127	64127	63164	-969	229	64134	1	1.40909090909091	1.05375025997131	0.747822765140932
LT934125.1	-	CTO-M	PC_12_2.5h	229	64133	64141	64138	9043.927648	5598.621878	64133	64138	6	UL21	9	2.5h	PC_12	2.5	229	63164	64127	64127	63164	-974	229	64134	-4	1.40909090909091	1.05375025997131	0.747822765140932
LT934125.1	-	CTO-M	PC_12_2h	229	64133	64143	64133	3921.568626	3137.254902	64133	64141	9	UL21	11	2h	PC_12	2	229	63164	64127	64127	63164	-969	229	64134	1	1.40909090909091	1.05375025997131	0.747822765140932
LT934125.1	-	CTO-M	PC_12_4h	229	64133	64151	64133	5713.697431	3809.131621	64133	64141	9	UL21	19	4h	PC_12	4	229	63164	64127	64127	63164	-969	229	64134	1	1.40909090909091	1.05375025997131	0.747822765140932
LT934125.1	-	CTO-M	PC_12_6h	229	64131	64146	64133	5073.475716	3126.080996	64133	64141	9	UL21	16	6h	PC_12	6	229	63164	64127	64127	63164	-969	229	64134	1	1.40909090909091	1.05375025997131	0.747822765140932
LT934125.1	-	CTO-M	PC_12_8h	229	64131	64144	64133	3497.302735	2171.527841	64133	64141	9	UL21	14	8h	PC_12	8	229	63164	64127	64127	63164	-969	229	64134	1	1.40909090909091	1.05375025997131	0.747822765140932
LT934125.1	-	CTO-M	PK_15_12h	229	64133	64144	64133	2680.095965	1826.355718	64133	64140	8	UL21	12	12h	PK_15	12	229	63164	64127	64127	63164	-969	229	64134	1	1.40909090909091	1.05375025997131	0.747822765140932
LT934125.1	-	CTO-M	PK_15_1h	229	64133	64143	64133	1497.005988	748.502994	64133	64143	11	UL21	11	1h	PK_15	1	229	63164	64127	64127	63164	-969	229	64134	1	1.40909090909091	1.05375025997131	0.747822765140932
LT934125.1	-	CTO-M	PK_15_2h	229	64133	64145	64133	1686.767313	1096.398752	64133	64141	9	UL21	13	2h	PK_15	2	229	63164	64127	64127	63164	-969	229	64134	1	1.40909090909091	1.05375025997131	0.747822765140932
LT934125.1	-	CTO-M	PK_15_4h	229	64133	64144	64133	2557.38523	1642.548237	64133	64141	9	UL21	12	4h	PK_15	4	229	63164	64127	64127	63164	-969	229	64134	1	1.40909090909091	1.05375025997131	0.747822765140932
LT934125.1	-	CTO-M	PK_15_6h	229	64133	64144	64133	3073.919978	2133.129412	64133	64140	8	UL21	12	6h	PK_15	6	229	63164	64127	64127	63164	-969	229	64134	1	1.40909090909091	1.05375025997131	0.747822765140932
LT934125.1	-	CTO-M	PK_15_8h	229	64133	64144	64133	2152.70485	1469.227296	64133	64139	7	UL21	12	8h	PK_15	8	229	63164	64127	64127	63164	-969	229	64134	1	1.40909090909091	1.05375025997131	0.747822765140932
LT934125.1	-	CTO-S	C6_12h	227	63151	63176	63164	2705.170504	618.463824	63159	63167	9	UL21	26	12h	C6	12	227	63164	63420	63420	63164	0	227	63162	-2	2.47826086956522	1.90381352260503	0.768205456489747
LT934125.1	-	CTO-S	C6_1h	227	63162	63164	63162	1956.947163	652.315721	63162	63164	3		3	1h	C6	1	227	63164	63420	63420	63164	2	227	63162	0	2.47826086956522	1.90381352260503	0.768205456489747
LT934125.1	-	CTO-S	C6_2h	227	63159	63167	63167	3050.330453	1525.165226	63159	63167	9	CTO-S	9	2h	C6	2	227	63164	63420	63420	63164	-3	227	63162	-5	2.47826086956522	1.90381352260503	0.768205456489747
LT934125.1	-	CTO-S	C6_4h	227	63155	63167	63164	7941.009641	2268.859898	63159	63166	8	CTO-S	13	4h	C6	4	227	63164	63420	63420	63164	0	227	63162	-2	2.47826086956522	1.90381352260503	0.768205456489747
LT934125.1	-	CTO-S	C6_6h	227	63149	63181	63164	11398.96373	2836.105809	63158	63166	9	UL21	33	6h	C6	6	227	63164	63420	63420	63164	0	227	63162	-2	2.47826086956522	1.90381352260503	0.768205456489747
LT934125.1	-	CTO-S	C6_8h	227	63149	63180	63159	8821.699185	1952.24325	63159	63167	9		32	8h	C6	8	227	63164	63420	63420	63164	5	227	63162	3	2.47826086956522	1.90381352260503	0.768205456489747
LT934125.1	-	CTO-S	NRK_1h	227	63161	63161	63161	7894.736842	7894.736842	63161	63161	1		1	1h	NRK	1	227	63164	63420	63420	63164	3	227	63162	1	2.47826086956522	1.90381352260503	0.768205456489747
LT934125.1	-	CTO-S	NRK_2h	227	63153	63167	63161	13071.895424	6535.947712	63153	63164	12		15	2h	NRK	2	227	63164	63420	63420	63164	3	227	63162	1	2.47826086956522	1.90381352260503	0.768205456489747
LT934125.1	-	CTO-S	PC_12_0.5h	227	63153	63161	63153	33333.333334	16666.666667	63153	63161	9		9	0.5h	PC_12	0.5	227	63164	63420	63420	63164	11	227	63162	9	2.47826086956522	1.90381352260503	0.768205456489747
LT934125.1	-	CTO-S	PC_12_1.5h	227	63153	63161	63161	21822.849807	17971.758665	63153	63161	9		9	1.5h	PC_12	1.5	227	63164	63420	63420	63164	3	227	63162	1	2.47826086956522	1.90381352260503	0.768205456489747
LT934125.1	-	CTO-S	PC_12_12h	227	63151	63176	63164	16099.840108	3362.813184	63157	63166	10	UL21	26	12h	PC_12	12	227	63164	63420	63420	63164	0	227	63162	-2	2.47826086956522	1.90381352260503	0.768205456489747
LT934125.1	-	CTO-S	PC_12_1h	227	63157	63164	63157	3048.780488	762.195122	63157	63164	8		8	1h	PC_12	1	227	63164	63420	63420	63164	7	227	63162	5	2.47826086956522	1.90381352260503	0.768205456489747
LT934125.1	-	CTO-S	PC_12_2.5h	227	63153	63167	63161	52540.913005	38759.689922	63153	63161	9		15	2.5h	PC_12	2.5	227	63164	63420	63420	63164	3	227	63162	1	2.47826086956522	1.90381352260503	0.768205456489747
LT934125.1	-	CTO-S	PC_12_2h	227	63162	63170	63162	1568.62745	522.875817	63162	63170	9		9	2h	PC_12	2	227	63164	63420	63420	63164	2	227	63162	0	2.47826086956522	1.90381352260503	0.768205456489747
LT934125.1	-	CTO-S	PC_12_4h	227	63153	63188	63159	13074.586917	2882.586092	63157	63166	10		36	4h	PC_12	4	227	63164	63420	63420	63164	5	227	63162	3	2.47826086956522	1.90381352260503	0.768205456489747
LT934125.1	-	CTO-S	PC_12_6h	227	63152	63175	63164	12901.490013	2587.985087	63157	63166	10	UL21	24	6h	PC_12	6	227	63164	63420	63420	63164	0	227	63162	-2	2.47826086956522	1.90381352260503	0.768205456489747
LT934125.1	-	CTO-S	PC_12_8h	227	63151	63176	63164	10903.355583	2800.128006	63157	63166	10	UL21	26	8h	PC_12	8	227	63164	63420	63420	63164	0	227	63162	-2	2.47826086956522	1.90381352260503	0.768205456489747
LT934125.1	-	CTO-S	PK_15_12h	227	63151	63178	63159	23787.395523	5068.407288	63158	63167	10		28	12h	PK_15	12	227	63164	63420	63420	63164	5	227	63162	3	2.47826086956522	1.90381352260503	0.768205456489747
LT934125.1	-	CTO-S	PK_15_1h	227	63165	63165	63165	748.502994	748.502994	63165	63165	1	CTO-S	1	1h	PK_15	1	227	63164	63420	63420	63164	-1	227	63162	-3	2.47826086956522	1.90381352260503	0.768205456489747
LT934125.1	-	CTO-S	PK_15_2h	227	63152	63175	63164	13241.12339	5397.655393	63159	63166	8	UL21	24	2h	PK_15	2	227	63164	63420	63420	63164	0	227	63162	-2	2.47826086956522	1.90381352260503	0.768205456489747
LT934125.1	-	CTO-S	PK_15_4h	227	63153	63176	63159	10458.250168	2391.051231	63158	63166	9		24	4h	PK_15	4	227	63164	63420	63420	63164	5	227	63162	3	2.47826086956522	1.90381352260503	0.768205456489747
LT934125.1	-	CTO-S	PK_15_6h	227	63152	63176	63159	18292.590898	3778.255161	63158	63167	10		25	6h	PK_15	6	227	63164	63420	63420	63164	5	227	63162	3	2.47826086956522	1.90381352260503	0.768205456489747
LT934125.1	-	CTO-S	PK_15_8h	227	63151	63188	63164	11935.912754	2347.271453	63158	63167	10	UL21	38	8h	PK_15	8	227	63164	63420	63420	63164	0	227	63162	-2	2.47826086956522	1.90381352260503	0.768205456489747
LT934125.1	-	IE180	C6_6h	253	107118	107118	107118	54.540496	54.540496	107118	107118	1	IE180	1	6h	C6	6	253	102945	107297	107297	102945	-4173	253	107074	-44	44.5	0.707106781186548	0.015890040026664
LT934125.1	-	IE180	PK_15_2h	252	107029	107029	107029	84.338366	84.338366	107029	107029	1	IE180	1	2h	PK_15	2	252	102945	107297	107297	102945	-4084	252	107074	45	44.5	0.707106781186548	0.015890040026664
LT934125.1	-	NOIR_2	C6_6h	327	135465	135511	135465	109.080992	54.540496	135465	135511	47	NOIR_2	47	6h	C6	6	327	134888	136235	136235	134888	-577	327	135480	15	10.3333333333333	5.68624070307733	0.550281358362322
LT934125.1	-	NOIR_2	PC_12_4h	327	135492	135492	135492	51.474752	51.474752	135492	135492	1	NOIR_2	1	4h	PC_12	4	327	134888	136235	136235	134888	-604	327	135480	-12	10.3333333333333	5.68624070307733	0.550281358362322
LT934125.1	-	NOIR_2	PC_12_6h	327	135484	135484	135484	25.623615	25.623615	135484	135484	1	NOIR_2	1	6h	PC_12	6	327	134888	136235	136235	134888	-596	327	135480	-4	10.3333333333333	5.68624070307733	0.550281358362322
LT934125.1	-	UL1	PC_12_6h	244	94764	94764	94764	25.623615	25.623615	94764	94764	1	UL1	1	6h	PC_12	6	244	94461	94931	94931	94461	-303	244	94764	0	0		
LT934125.1	-	UL15	PC_12_4h	238	76252	76252	76252	51.474752	51.474752	76252	76252	1	UL15	1	4h	PC_12	4	238	71647	76754	76754	71647	-4605	238	76252	0	0		
LT934125.1	-	UL24	C6_1h	223	59087	59087	59087	652.315721	652.315721	59087	59087	1	UL24	1	1h	C6	1	223	58648	59163	59163	58648	-439	223	59031	-56	84	56	0.666666666666667
LT934125.1	-	UL24	C6_6h	223	59087	59087	59087	54.540496	54.540496	59087	59087	1	UL24	1	6h	C6	6	223	58648	59163	59163	58648	-439	223	59031	-56	84	56	0.666666666666667
LT934125.1	-	UL24	PK_15_6h	223	59087	59087	59087	40.247725	40.247725	59087	59087	1	UL24	1	6h	PK_15	6	223	58648	59163	59163	58648	-439	223	59031	-56	84	56	0.666666666666667
LT934125.1	-	UL24	PK_15_8h	222	58863	58863	58863	12.472218	12.472218	58863	58863	1	UL24	1	8h	PK_15	8	222	58648	59163	59163	58648	-215	222	59031	168	84	56	0.666666666666667
LT934125.1	-	UL26	C6_12h	220	56317	56318	56318	138.789126	121.744847	56317	56318	2	UL26	2	12h	C6	12	220	55343	56917	56917	55343	-975	220	56318	0	0	0	
LT934125.1	-	UL26	C6_6h	220	56318	56318	56318	54.540496	54.540496	56318	56318	1	UL26	1	6h	C6	6	220	55343	56917	56917	55343	-975	220	56318	0	0	0	
LT934125.1	-	UL26	C6_8h	220	56318	56318	56318	85.410642	85.410642	56318	56318	1	UL26	1	8h	C6	8	220	55343	56917	56917	55343	-975	220	56318	0	0	0	
LT934125.1	-	UL26	PC_12_12h	220	56317	56318	56318	121.743036	105.510631	56317	56318	2	UL26	2	12h	PC_12	12	220	55343	56917	56917	55343	-975	220	56318	0	0	0	
LT934125.1	-	UL26	PC_12_6h	220	56318	56318	56318	38.435422	38.435422	56318	56318	1	UL26	1	6h	PC_12	6	220	55343	56917	56917	55343	-975	220	56318	0	0	0	
LT934125.1	-	UL26	PK_15_12h	220	56317	56318	56318	114.243722	101.893049	56317	56318	2	UL26	2	12h	PK_15	12	220	55343	56917	56917	55343	-975	220	56318	0	0	0	
LT934125.1	-	UL26	PK_15_4h	220	56318	56318	56318	124.750499	124.750499	56318	56318	1	UL26	1	4h	PK_15	4	220	55343	56917	56917	55343	-975	220	56318	0	0	0	
LT934125.1	-	UL26	PK_15_6h	220	56318	56318	56318	55.340622	55.340622	56318	56318	1	UL26	1	6h	PK_15	6	220	55343	56917	56917	55343	-975	220	56318	0	0	0	
LT934125.1	-	UL26	PK_15_8h	220	56318	56318	56318	64.855534	64.855534	56318	56318	1	UL26	1	8h	PK_15	8	220	55343	56917	56917	55343	-975	220	56318	0	0	0	
LT934125.1	-	UL26.5	C6_12h	214	55265	55284	55270	98438.013612	76105.13885	55270	55273	4		20	12h	C6	12	214	55343	56179	56179	55343	73	214	55270	0	0	0	
LT934125.1	-	UL26.5	C6_1h	214	55265	55278	55270	70450.097848	53489.889106	55270	55272	3		14	1h	C6	1	214	55343	56179	56179	55343	73	214	55270	0	0	0	
LT934125.1	-	UL26.5	C6_2h	214	55268	55284	55270	82867.310625	63548.551093	55270	55273	4		17	2h	C6	2	214	55343	56179	56179	55343	73	214	55270	0	0	0	
LT934125.1	-	UL26.5	C6_4h	214	55265	55279	55270	68349.404422	50482.132728	55270	55273	4		15	4h	C6	4	214	55343	56179	56179	55343	73	214	55270	0	0	0	
LT934125.1	-	UL26.5	C6_6h	214	55268	55283	55270	64139.623671	50613.580584	55270	55273	4		16	6h	C6	6	214	55343	56179	56179	55343	73	214	55270	0	0	0	
LT934125.1	-	UL26.5	C6_8h	214	55265	55286	55270	61995.924695	48183.803702	55270	55273	4		22	8h	C6	8	214	55343	56179	56179	55343	73	214	55270	0	0	0	
LT934125.1	-	UL26.5	NRK_1h	214	55270	55284	55270	18421.052631	13157.894737	55270	55284	15		15	1h	NRK	1	214	55343	56179	56179	55343	73	214	55270	0	0	0	
LT934125.1	-	UL26.5	NRK_2h	214	55267	55275	55270	44117.647059	26143.79085	55270	55274	5		9	2h	NRK	2	214	55343	56179	56179	55343	73	214	55270	0	0	0	
LT934125.1	-	UL26.5	PC_12_0.5h	214	55270	55276	55270	50000	33333.333333	55270	55276	7		7	0.5h	PC_12	0.5	214	55343	56179	56179	55343	73	214	55270	0	0	0	
LT934125.1	-	UL26.5	PC_12_1.5h	214	55268	55285	55270	34659.82028	29525.032092	55270	55272	3		18	1.5h	PC_12	1.5	214	55343	56179	56179	55343	73	214	55270	0	0	0	
LT934125.1	-	UL26.5	PC_12_12h	214	55265	55281	55270	68360.067201	54351.501903	55270	55272	3		17	12h	PC_12	12	214	55343	56179	56179	55343	73	214	55270	0	0	0	
LT934125.1	-	UL26.5	PC_12_1h	214	55266	55276	55270	36585.365854	26676.829268	55268	55273	6		11	1h	PC_12	1	214	55343	56179	56179	55343	73	214	55270	0	0	0	
LT934125.1	-	UL26.5	PC_12_2.5h	214	55262	55277	55270	46080.964684	37037.037037	55268	55270	3		16	2.5h	PC_12	2.5	214	55343	56179	56179	55343	73	214	55270	0	0	0	
LT934125.1	-	UL26.5	PC_12_2h	214	55265	55277	55270	53856.209147	43137.254902	55270	55272	3		13	2h	PC_12	2	214	55343	56179	56179	55343	73	214	55270	0	0	0	
LT934125.1	-	UL26.5	PC_12_4h	214	55268	55280	55270	58475.317857	45864.003706	55270	55273	4		13	4h	PC_12	4	214	55343	56179	56179	55343	73	214	55270	0	0	0	
LT934125.1	-	UL26.5	PC_12_6h	214	55265	55285	55270	63008.468606	49133.281232	55270	55273	4		21	6h	PC_12	6	214	55343	56179	56179	55343	73	214	55270	0	0	0	
LT934125.1	-	UL26.5	PC_12_8h	214	55265	55281	55270	59739.873823	47350.736034	55270	55272	3		17	8h	PC_12	8	214	55343	56179	56179	55343	73	214	55270	0	0	0	
LT934125.1	-	UL26.5	PK_15_12h	214	55265	55286	55270	82077.93892	63678.524342	55270	55273	4		22	12h	PK_15	12	214	55343	56179	56179	55343	73	214	55270	0	0	0	
LT934125.1	-	UL26.5	PK_15_1h	214	55268	55272	55270	17964.071856	13473.053892	55268	55270	3		5	1h	PK_15	1	214	55343	56179	56179	55343	73	214	55270	0	0	0	
LT934125.1	-	UL26.5	PK_15_2h	214	55265	55279	55270	59374.209328	42422.197858	55270	55273	4		15	2h	PK_15	2	214	55343	56179	56179	55343	73	214	55270	0	0	0	
LT934125.1	-	UL26.5	PK_15_4h	214	55265	55284	55270	51709.081837	36988.522954	55270	55273	4		20	4h	PK_15	4	214	55343	56179	56179	55343	73	214	55270	0	0	0	
LT934125.1	-	UL26.5	PK_15_8h	214	55265	55281	55270	61380.774325	49190.428321	55270	55272	3		17	8h	PK_15	8	214	55343	56179	56179	55343	73	214	55270	0	0	0	
LT934125.1	-	UL27	C6_12h	184	18584	18584	18584	14.609382	14.609382	18584	18584	1	UL27	1	12h	C6	12	184	16625	19375	19375	16625	-1959	184	18582	-2	2	0	0
LT934125.1	-	UL27	PC_12_12h	184	18584	18584	18584	16.232405	16.232405	18584	18584	1	UL27	1	12h	PC_12	12	184	16625	19375	19375	16625	-1959	184	18582	-2	2	0	0
LT934125.1	-	UL27	PC_12_8h	184	18580	18580	18580	22.858188	22.858188	18580	18580	1	UL27	1	8h	PC_12	8	184	16625	19375	19375	16625	-1955	184	18582	2	2	0	0
LT934125.1	-	UL27	PK_15_12h	184	18580	18580	18580	9.263004	9.263004	18580	18580	1	UL27	1	12h	PK_15	12	184	16625	19375	19375	16625	-1955	184	18582	2	2	0	0
LT934125.1	-	UL3	C6_12h	243	93214	93253	93245	172.877684	53.567733	93214	93253	40	UL3	40	12h	C6	12	243	92749	93465	93465	92749	-496	243	93239	-6	9.93333333333333	7.84188995684319	0.789452009078174
LT934125.1	-	UL3	C6_1h	243	93253	93253	93253	652.315721	652.315721	93253	93253	1	UL3	1	1h	C6	1	243	92749	93465	93465	92749	-504	243	93239	-14	9.93333333333333	7.84188995684319	0.789452009078174
LT934125.1	-	UL3	C6_4h	243	93242	93253	93242	567.214974	283.607487	93242	93253	12	UL3	12	4h	C6	4	243	92749	93465	93465	92749	-493	243	93239	-3	9.93333333333333	7.84188995684319	0.789452009078174
LT934125.1	-	UL3	C6_6h	243	93211	93253	93211	109.080992	54.540496	93211	93253	43	UL3	43	6h	C6	6	243	92749	93465	93465	92749	-462	243	93239	28	9.93333333333333	7.84188995684319	0.789452009078174
LT934125.1	-	UL3	C6_8h	243	93240	93245	93245	61.007602	36.604561	93240	93245	6	UL3	6	8h	C6	8	243	92749	93465	93465	92749	-496	243	93239	-6	9.93333333333333	7.84188995684319	0.789452009078174
LT934125.1	-	UL3	PC_12_12h	243	93211	93253	93245	229.959068	70.340421	93214	93253	40	UL3	43	12h	PC_12	12	243	92749	93465	93465	92749	-496	243	93239	-6	9.93333333333333	7.84188995684319	0.789452009078174
LT934125.1	-	UL3	PC_12_2h	243	93245	93245	93245	261.437908	261.437908	93245	93245	1	UL3	1	2h	PC_12	2	243	92749	93465	93465	92749	-496	243	93239	-6	9.93333333333333	7.84188995684319	0.789452009078174
LT934125.1	-	UL3	PC_12_4h	243	93214	93274	93229	1183.919291	205.899007	93227	93256	30	UL3	61	4h	PC_12	4	243	92749	93465	93465	92749	-480	243	93239	10	9.93333333333333	7.84188995684319	0.789452009078174
LT934125.1	-	UL3	PC_12_6h	243	93208	93253	93227	781.52025	140.929881	93224	93253	30	UL3	46	6h	PC_12	6	243	92749	93465	93465	92749	-478	243	93239	12	9.93333333333333	7.84188995684319	0.789452009078174
LT934125.1	-	UL3	PC_12_8h	243	93229	93253	93245	148.578221	80.003657	93229	93253	25	UL3	25	8h	PC_12	8	243	92749	93465	93465	92749	-496	243	93239	-6	9.93333333333333	7.84188995684319	0.789452009078174
LT934125.1	-	UL3	PK_15_12h	243	93208	93274	93245	455.431054	101.893049	93214	93253	40	UL3	67	12h	PK_15	12	243	92749	93465	93465	92749	-496	243	93239	-6	9.93333333333333	7.84188995684319	0.789452009078174
LT934125.1	-	UL3	PK_15_2h	243	93211	93211	93211	84.338366	84.338366	93211	93211	1	UL3	1	2h	PK_15	2	243	92749	93465	93465	92749	-462	243	93239	28	9.93333333333333	7.84188995684319	0.789452009078174
LT934125.1	-	UL3	PK_15_4h	243	93202	93253	93245	810.878245	311.876248	93214	93248	35	UL3	52	4h	PK_15	4	243	92749	93465	93465	92749	-496	243	93239	-6	9.93333333333333	7.84188995684319	0.789452009078174
LT934125.1	-	UL3	PK_15_6h	243	93211	93253	93245	749.613873	166.021865	93214	93248	35	UL3	43	6h	PK_15	6	243	92749	93465	93465	92749	-496	243	93239	-6	9.93333333333333	7.84188995684319	0.789452009078174
LT934125.1	-	UL3	PK_15_8h	243	93227	93270	93245	339.244334	82.31664	93227	93256	30	UL3	44	8h	PK_15	8	243	92749	93465	93465	92749	-496	243	93239	-6	9.93333333333333	7.84188995684319	0.789452009078174
LT934125.1	-	UL3.5	C6_12h	242	92064	92083	92069	39119.054286	24129.828705	92067	92070	4		20	12h	C6	12	242	92099	92752	92752	92099	30	242	92069	0	0.0869565217391304	0.41702882811415	4.79583152331272
LT934125.1	-	UL3.5	C6_1h	242	92067	92072	92069	8480.10437	5218.525766	92069	92072	4		6	1h	C6	1	242	92099	92752	92752	92099	30	242	92069	0	0.0869565217391304	0.41702882811415	4.79583152331272
LT934125.1	-	UL3.5	C6_2h	242	92067	92072	92069	12709.710218	8642.602949	92067	92069	3		6	2h	C6	2	242	92099	92752	92752	92099	30	242	92069	0	0.0869565217391304	0.41702882811415	4.79583152331272
LT934125.1	-	UL3.5	C6_4h	242	92064	92074	92069	22404.991489	10777.084515	92067	92072	6		11	4h	C6	4	242	92099	92752	92752	92099	30	242	92069	0	0.0869565217391304	0.41702882811415	4.79583152331272
LT934125.1	-	UL3.5	C6_6h	242	92064	92085	92069	26561.221706	15871.284429	92067	92072	6		22	6h	C6	6	242	92099	92752	92752	92099	30	242	92069	0	0.0869565217391304	0.41702882811415	4.79583152331272
LT934125.1	-	UL3.5	C6_8h	242	92064	92084	92069	34017.838625	21035.421013	92067	92070	4		21	8h	C6	8	242	92099	92752	92752	92099	30	242	92069	0	0.0869565217391304	0.41702882811415	4.79583152331272
LT934125.1	-	UL3.5	NRK_1h	242	92069	92071	92069	7894.736842	5263.157895	92069	92071	3		3	1h	NRK	1	242	92099	92752	92752	92099	30	242	92069	0	0.0869565217391304	0.41702882811415	4.79583152331272
LT934125.1	-	UL3.5	NRK_2h	242	92067	92076	92069	13888.888888	6535.947712	92067	92071	5		10	2h	NRK	2	242	92099	92752	92752	92099	30	242	92069	0	0.0869565217391304	0.41702882811415	4.79583152331272
LT934125.1	-	UL3.5	PC_12_0.5h	242	92071	92071	92071	16666.666667	16666.666667	92071	92071	1		1	0.5h	PC_12	0.5	242	92099	92752	92752	92099	28	242	92069	-2	0.0869565217391304	0.41702882811415	4.79583152331272
LT934125.1	-	UL3.5	PC_12_1.5h	242	92067	92072	92069	17971.758664	8985.879332	92067	92071	5		6	1.5h	PC_12	1.5	242	92099	92752	92752	92099	30	242	92069	0	0.0869565217391304	0.41702882811415	4.79583152331272
LT934125.1	-	UL3.5	PC_12_12h	242	92064	92083	92069	45117.969001	28268.732871	92067	92070	4		20	12h	PC_12	12	242	92099	92752	92752	92099	30	242	92069	0	0.0869565217391304	0.41702882811415	4.79583152331272
LT934125.1	-	UL3.5	PC_12_1h	242	92064	92072	92069	16768.292683	9908.536585	92067	92069	3		9	1h	PC_12	1	242	92099	92752	92752	92099	30	242	92069	0	0.0869565217391304	0.41702882811415	4.79583152331272
LT934125.1	-	UL3.5	PC_12_2.5h	242	92067	92072	92069	18087.855297	9905.254091	92067	92071	5		6	2.5h	PC_12	2.5	242	92099	92752	92752	92099	30	242	92069	0	0.0869565217391304	0.41702882811415	4.79583152331272
LT934125.1	-	UL3.5	PC_12_2h	242	92064	92072	92069	16993.464051	11764.705882	92067	92069	3		9	2h	PC_12	2	242	92099	92752	92752	92099	30	242	92069	0	0.0869565217391304	0.41702882811415	4.79583152331272
LT934125.1	-	UL3.5	PC_12_4h	242	92064	92083	92069	27436.042623	16214.546765	92067	92072	6		20	4h	PC_12	4	242	92099	92752	92752	92099	30	242	92069	0	0.0869565217391304	0.41702882811415	4.79583152331272
LT934125.1	-	UL3.5	PC_12_6h	242	92064	92083	92069	34809.680601	20819.186963	92067	92072	6		20	6h	PC_12	6	242	92099	92752	92752	92099	30	242	92069	0	0.0869565217391304	0.41702882811415	4.79583152331272
LT934125.1	-	UL3.5	PC_12_8h	242	92064	92083	92069	32561.488527	20286.641675	92067	92070	4		20	8h	PC_12	8	242	92099	92752	92752	92099	30	242	92069	0	0.0869565217391304	0.41702882811415	4.79583152331272
LT934125.1	-	UL3.5	PK_15_12h	242	92064	92085	92069	42903.149112	24837.202696	92067	92071	5		22	12h	PK_15	12	242	92099	92752	92752	92099	30	242	92069	0	0.0869565217391304	0.41702882811415	4.79583152331272
LT934125.1	-	UL3.5	PK_15_1h	242	92064	92074	92069	5239.520958	2994.011976	92064	92074	11		11	1h	PK_15	1	242	92099	92752	92752	92099	30	242	92069	0	0.0869565217391304	0.41702882811415	4.79583152331272
LT934125.1	-	UL3.5	PK_15_2h	242	92064	92081	92069	14927.8907	9192.881842	92067	92072	6		18	2h	PK_15	2	242	92099	92752	92752	92099	30	242	92069	0	0.0869565217391304	0.41702882811415	4.79583152331272
LT934125.1	-	UL3.5	PK_15_4h	242	92064	92083	92069	24555.056554	14346.307385	92067	92072	6		20	4h	PK_15	4	242	92099	92752	92752	92099	30	242	92069	0	0.0869565217391304	0.41702882811415	4.79583152331272
LT934125.1	-	UL3.5	PK_15_6h	242	92064	92083	92069	27177.276134	15711.705548	92067	92072	6		20	6h	PK_15	6	242	92099	92752	92752	92099	30	242	92069	0	0.0869565217391304	0.41702882811415	4.79583152331272
LT934125.1	-	UL3.5	PK_15_8h	242	92064	92083	92069	29546.68476	17515.983148	92067	92070	4		20	8h	PK_15	8	242	92099	92752	92752	92099	30	242	92069	0	0.0869565217391304	0.41702882811415	4.79583152331272
LT934125.1	-	UL31	C6_12h	189	28425	28434	28429	27723.736592	18130.242637	28427	28430	4		10	12h	C6	12	189	28501	29316	29316	28501	72	189	28429	0	0	0	
LT934125.1	-	UL31	C6_1h	189	28427	28430	28429	8480.104371	4566.210046	28429	28430	2		4	1h	C6	1	189	28501	29316	29316	28501	72	189	28429	0	0	0	
LT934125.1	-	UL31	C6_2h	189	28425	28432	28429	18301.982714	8642.602949	28426	28430	5		8	2h	C6	2	189	28501	29316	29316	28501	72	189	28429	0	0	0	
LT934125.1	-	UL31	C6_4h	189	28425	28433	28429	36868.97334	21837.776517	28427	28430	4		9	4h	C6	4	189	28501	29316	29316	28501	72	189	28429	0	0	0	
LT934125.1	-	UL31	C6_6h	189	28425	28445	28429	37960.185437	24488.682847	28427	28430	4		21	6h	C6	6	189	28501	29316	29316	28501	72	189	28429	0	0	0	
LT934125.1	-	UL31	C6_8h	189	28425	28435	28429	31516.526958	20400.941957	28427	28430	4		11	8h	C6	8	189	28501	29316	29316	28501	72	189	28429	0	0	0	
LT934125.1	-	UL31	NRK_1h	189	28429	28430	28429	10526.315789	7894.736842	28429	28430	2		2	1h	NRK	1	189	28501	29316	29316	28501	72	189	28429	0	0	0	
LT934125.1	-	UL31	NRK_2h	189	28425	28432	28429	14705.882352	7352.941176	28425	28431	7		8	2h	NRK	2	189	28501	29316	29316	28501	72	189	28429	0	0	0	
LT934125.1	-	UL31	PC_12_1.5h	189	28420	28432	28429	15404.364568	6418.485237	28425	28430	6		13	1.5h	PC_12	1.5	189	28501	29316	29316	28501	72	189	28429	0	0	0	
LT934125.1	-	UL31	PC_12_12h	189	28425	28438	28429	45261.355242	28682.659193	28427	28430	4		14	12h	PC_12	12	189	28501	29316	29316	28501	72	189	28429	0	0	0	
LT934125.1	-	UL31	PC_12_1h	189	28426	28429	28429	6859.756098	5335.365854	28426	28429	4		4	1h	PC_12	1	189	28501	29316	29316	28501	72	189	28429	0	0	0	
LT934125.1	-	UL31	PC_12_2.5h	189	28425	28433	28429	16795.865632	10766.580534	28428	28430	3		9	2.5h	PC_12	2.5	189	28501	29316	29316	28501	72	189	28429	0	0	0	
LT934125.1	-	UL31	PC_12_2h	189	28415	28432	28429	13856.209148	8366.013072	28427	28430	4		18	2h	PC_12	2	189	28501	29316	29316	28501	72	189	28429	0	0	0	
LT934125.1	-	UL31	PC_12_4h	189	28425	28434	28429	28774.386164	18170.587327	28427	28430	4		10	4h	PC_12	4	189	28501	29316	29316	28501	72	189	28429	0	0	0	
LT934125.1	-	UL31	PC_12_6h	189	28425	28434	28429	29582.463199	18397.755371	28427	28430	4		10	6h	PC_12	6	189	28501	29316	29316	28501	72	189	28429	0	0	0	
LT934125.1	-	UL31	PC_12_8h	189	28425	28436	28429	44059.15699	28115.570998	28427	28430	4		12	8h	PC_12	8	189	28501	29316	29316	28501	72	189	28429	0	0	0	
LT934125.1	-	UL31	PK_15_12h	189	28425	28440	28429	40165.931288	26895.133526	28428	28430	3		16	12h	PK_15	12	189	28501	29316	29316	28501	72	189	28429	0	0	0	
LT934125.1	-	UL31	PK_15_1h	189	28429	28429	28429	748.502994	748.502994	28429	28429	1		1	1h	PK_15	1	189	28501	29316	29316	28501	72	189	28429	0	0	0	
LT934125.1	-	UL31	PK_15_2h	189	28426	28432	28429	14421.860504	10036.265497	28428	28430	3		7	2h	PK_15	2	189	28501	29316	29316	28501	72	189	28429	0	0	0	
LT934125.1	-	UL31	PK_15_4h	189	28425	28434	28429	29669.827013	19232.368596	28428	28430	3		10	4h	PK_15	4	189	28501	29316	29316	28501	72	189	28429	0	0	0	
LT934125.1	-	UL31	PK_15_6h	189	28425	28440	28429	35458.245502	23489.578355	28427	28430	4		16	6h	PK_15	6	189	28501	29316	29316	28501	72	189	28429	0	0	0	
LT934125.1	-	UL31	PK_15_8h	189	28425	28436	28429	39092.920519	26381.235797	28428	28430	3		12	8h	PK_15	8	189	28501	29316	29316	28501	72	189	28429	0	0	0	
LT934125.1	-	UL32	PC_12_4h	190	30522	30522	30522	51.474752	51.474752	30522	30522	1	UL32	1	4h	PC_12	4	190	29309	30721	30721	29309	-1213	190	30522	0	0		
LT934125.1	-	UL36	C6_12h	198	42005	42012	42005	8295.693886	5237.463324	42005	42007	3		8	12h	C6	12	198	32705	41983	41983	32705	-9300	198	42005	0	0	0	
LT934125.1	-	UL36	C6_1h	198	42005	42008	42005	3261.578604	1956.947162	42005	42008	4		4	1h	C6	1	198	32705	41983	41983	32705	-9300	198	42005	0	0	0	
LT934125.1	-	UL36	C6_2h	198	42005	42006	42005	3050.330452	2033.553635	42005	42006	2		2	2h	C6	2	198	32705	41983	41983	32705	-9300	198	42005	0	0	0	
LT934125.1	-	UL36	C6_4h	198	42005	42008	42005	2836.074871	1418.037436	42005	42008	4		4	4h	C6	4	198	32705	41983	41983	32705	-9300	198	42005	0	0	0	
LT934125.1	-	UL36	C6_6h	198	42005	42012	42005	4908.644668	2563.403327	42005	42007	3		8	6h	C6	6	198	32705	41983	41983	32705	-9300	198	42005	0	0	0	
LT934125.1	-	UL36	C6_8h	198	42005	42012	42005	5344.265896	3416.425687	42005	42007	3		8	8h	C6	8	198	32705	41983	41983	32705	-9300	198	42005	0	0	0	
LT934125.1	-	UL36	NRK_2h	198	42005	42008	42005	4901.960784	4084.96732	42005	42008	4		4	2h	NRK	2	198	32705	41983	41983	32705	-9300	198	42005	0	0	0	
LT934125.1	-	UL36	PC_12_1.5h	198	42005	42005	42005	2567.394095	2567.394095	42005	42005	1		1	1.5h	PC_12	1.5	198	32705	41983	41983	32705	-9300	198	42005	0	0	0	
LT934125.1	-	UL36	PC_12_12h	198	42005	42012	42005	7342.457748	4701.986576	42005	42007	3		8	12h	PC_12	12	198	32705	41983	41983	32705	-9300	198	42005	0	0	0	
LT934125.1	-	UL36	PC_12_1h	198	42005	42005	42005	2286.585366	2286.585366	42005	42005	1		1	1h	PC_12	1	198	32705	41983	41983	32705	-9300	198	42005	0	0	0	
LT934125.1	-	UL36	PC_12_2.5h	198	42005	42008	42005	2153.316106	1722.652885	42005	42008	4		4	2.5h	PC_12	2.5	198	32705	41983	41983	32705	-9300	198	42005	0	0	0	
LT934125.1	-	UL36	PC_12_2h	198	42005	42006	42005	1830.065359	1045.751634	42005	42006	2		2	2h	PC_12	2	198	32705	41983	41983	32705	-9300	198	42005	0	0	0	
LT934125.1	-	UL36	PC_12_4h	198	42005	42011	42005	5507.798425	3242.909353	42005	42007	3		7	4h	PC_12	4	198	32705	41983	41983	32705	-9300	198	42005	0	0	0	
LT934125.1	-	UL36	PC_12_6h	198	42005	42012	42005	6264.973799	3805.106786	42005	42007	3		8	6h	PC_12	6	198	32705	41983	41983	32705	-9300	198	42005	0	0	0	
LT934125.1	-	UL36	PC_12_8h	198	42005	42012	42005	7440.340129	4697.357593	42005	42007	3		8	8h	PC_12	8	198	32705	41983	41983	32705	-9300	198	42005	0	0	0	
LT934125.1	-	UL36	PK_15_12h	198	42005	42012	42005	4912.480046	3022.827131	42005	42007	3		8	12h	PK_15	12	198	32705	41983	41983	32705	-9300	198	42005	0	0	0	
LT934125.1	-	UL36	PK_15_1h	198	42005	42005	42005	748.502994	748.502994	42005	42005	1		1	1h	PK_15	1	198	32705	41983	41983	32705	-9300	198	42005	0	0	0	
LT934125.1	-	UL36	PK_15_2h	198	42005	42008	42005	2024.120773	1433.752214	42005	42007	3		4	2h	PK_15	2	198	32705	41983	41983	32705	-9300	198	42005	0	0	0	
LT934125.1	-	UL36	PK_15_4h	198	42005	42009	42005	3118.762475	1704.923486	42005	42007	3		5	4h	PK_15	4	198	32705	41983	41983	32705	-9300	198	42005	0	0	0	
LT934125.1	-	UL36	PK_15_6h	198	42005	42012	42005	4794.510212	2762.000111	42005	42007	3		8	6h	PK_15	6	198	32705	41983	41983	32705	-9300	198	42005	0	0	0	
LT934125.1	-	UL36	PK_15_8h	198	42005	42012	42005	4502.470746	2813.732411	42005	42007	3		8	8h	PK_15	8	198	32705	41983	41983	32705	-9300	198	42005	0	0	0	
LT934125.1	-	UL41	PC_12_4h	200	50375	50375	50375	51.474752	51.474752	50375	50375	1	UL41	1	4h	PC_12	4	200	50044	51141	51141	50044	-331	200	50375	0	0		
LT934125.1	-	UL50	C6_12h	175	8487	8494	8487	4051.668513	3133.712366	8487	8490	4		8	12h	C6	12	175	8593	9399	9399	8593	106	175	8487	0	0	0	
LT934125.1	-	UL50	C6_1h	175	8486	8490	8487	18264.840183	15655.577299	8487	8488	2		5	1h	C6	1	175	8593	9399	9399	8593	106	175	8487	0	0	0	
LT934125.1	-	UL50	C6_2h	175	8487	8494	8487	19318.759533	14743.263854	8487	8490	4		8	2h	C6	2	175	8593	9399	9399	8593	106	175	8487	0	0	0	
LT934125.1	-	UL50	C6_4h	175	8487	8492	8487	11911.514463	10493.477028	8487	8488	2		6	4h	C6	4	175	8593	9399	9399	8593	106	175	8487	0	0	0	
LT934125.1	-	UL50	C6_6h	175	8487	8494	8487	11617.125715	8835.560404	8487	8490	4		8	6h	C6	6	175	8593	9399	9399	8593	106	175	8487	0	0	0	
LT934125.1	-	UL50	C6_8h	175	8487	8499	8487	9077.931113	7003.672658	8487	8490	4		13	8h	C6	8	175	8593	9399	9399	8593	106	175	8487	0	0	0	
LT934125.1	-	UL50	NRK_1h	175	8487	8491	8487	31578.947369	26315.789474	8487	8491	5		5	1h	NRK	1	175	8593	9399	9399	8593	106	175	8487	0	0	0	
LT934125.1	-	UL50	NRK_2h	175	8487	8495	8487	32679.738562	26960.784314	8487	8489	3		9	2h	NRK	2	175	8593	9399	9399	8593	106	175	8487	0	0	0	
LT934125.1	-	UL50	PC_12_1.5h	175	8487	8490	8487	19255.455711	8985.879332	8487	8490	4		4	1.5h	PC_12	1.5	175	8593	9399	9399	8593	106	175	8487	0	0	0	
LT934125.1	-	UL50	PC_12_12h	175	8487	8495	8487	3719.926088	3035.459688	8487	8490	4		9	12h	PC_12	12	175	8593	9399	9399	8593	106	175	8487	0	0	0	
LT934125.1	-	UL50	PC_12_1h	175	8487	8491	8487	15243.902439	12195.121951	8487	8491	5		5	1h	PC_12	1	175	8593	9399	9399	8593	106	175	8487	0	0	0	
LT934125.1	-	UL50	PC_12_2.5h	175	8487	8490	8487	12489.23342	10766.580534	8487	8489	3		4	2.5h	PC_12	2.5	175	8593	9399	9399	8593	106	175	8487	0	0	0	
LT934125.1	-	UL50	PC_12_2h	175	8487	8493	8487	15686.274507	12810.457516	8487	8490	4		7	2h	PC_12	2	175	8593	9399	9399	8593	106	175	8487	0	0	0	
LT934125.1	-	UL50	PC_12_4h	175	8487	8502	8487	12045.091882	9677.253307	8487	8490	4		16	4h	PC_12	4	175	8593	9399	9399	8593	106	175	8487	0	0	0	
LT934125.1	-	UL50	PC_12_6h	175	8487	8494	8487	7712.708032	6034.361267	8487	8490	4		8	6h	PC_12	6	175	8593	9399	9399	8593	106	175	8487	0	0	0	
LT934125.1	-	UL50	PC_12_8h	175	8487	8501	8487	5485.965075	4457.346622	8487	8490	4		15	8h	PC_12	8	175	8593	9399	9399	8593	106	175	8487	0	0	0	
LT934125.1	-	UL50	PK_15_12h	175	8487	8499	8487	2300.312781	1801.654373	8487	8490	4		13	12h	PK_15	12	175	8593	9399	9399	8593	106	175	8487	0	0	0	
LT934125.1	-	UL50	PK_15_1h	175	8487	8489	8487	2994.011976	2245.508982	8487	8489	3		3	1h	PK_15	1	175	8593	9399	9399	8593	106	175	8487	0	0	0	
LT934125.1	-	UL50	PK_15_2h	175	8487	8499	8487	15855.612719	11891.709539	8487	8490	4		13	2h	PK_15	2	175	8593	9399	9399	8593	106	175	8487	0	0	0	
LT934125.1	-	UL50	PK_15_4h	175	8487	8499	8487	13722.55489	10645.375915	8487	8490	4		13	4h	PK_15	4	175	8593	9399	9399	8593	106	175	8487	0	0	0	
LT934125.1	-	UL50	PK_15_6h	175	8487	8499	8487	7083.599555	5559.216981	8487	8490	4		13	6h	PK_15	6	175	8593	9399	9399	8593	106	175	8487	0	0	0	
LT934125.1	-	UL50	PK_15_8h	175	8487	8494	8487	3991.109804	3217.832279	8487	8490	4		8	8h	PK_15	8	175	8593	9399	9399	8593	106	175	8487	0	0	0	
LT934125.1	-	UL7	C6_12h	240	86128	86138	86133	1068.919757	601.419545	86131	86137	7		11	12h	C6	12	240	86302	87102	87102	86302	169	240	86132	-1	1.27777777777778	0.826442094733631	0.646780769791538
LT934125.1	-	UL7	C6_2h	240	86131	86133	86131	1016.776818	508.388409	86131	86133	3		3	2h	C6	2	240	86302	87102	87102	86302	171	240	86132	1	1.27777777777778	0.826442094733631	0.646780769791538
LT934125.1	-	UL7	C6_4h	240	86128	86134	86128	850.822461	283.607487	86128	86134	7		7	4h	C6	4	240	86302	87102	87102	86302	174	240	86132	4	1.27777777777778	0.826442094733631	0.646780769791538
LT934125.1	-	UL7	C6_6h	240	86123	86138	86133	1363.512409	599.94546	86132	86138	7		16	6h	C6	6	240	86302	87102	87102	86302	169	240	86132	-1	1.27777777777778	0.826442094733631	0.646780769791538
LT934125.1	-	UL7	C6_8h	240	86128	86138	86133	1061.532267	561.269934	86130	86137	8		11	8h	C6	8	240	86302	87102	87102	86302	169	240	86132	-1	1.27777777777778	0.826442094733631	0.646780769791538
LT934125.1	-	UL7	NRK_2h	240	86124	86134	86130	5718.954248	4084.96732	86124	86134	11		11	2h	NRK	2	240	86302	87102	87102	86302	172	240	86132	2	1.27777777777778	0.826442094733631	0.646780769791538
LT934125.1	-	UL7	PC_12_12h	240	86123	86143	86133	890.076859	400.399317	86131	86137	7		21	12h	PC_12	12	240	86302	87102	87102	86302	169	240	86132	-1	1.27777777777778	0.826442094733631	0.646780769791538
LT934125.1	-	UL7	PC_12_1h	240	86132	86134	86132	1524.390244	762.195122	86132	86134	3		3	1h	PC_12	1	240	86302	87102	87102	86302	170	240	86132	0	1.27777777777778	0.826442094733631	0.646780769791538
LT934125.1	-	UL7	PC_12_2.5h	240	86124	86133	86130	5598.621878	3875.968992	86124	86133	10		10	2.5h	PC_12	2.5	240	86302	87102	87102	86302	172	240	86132	2	1.27777777777778	0.826442094733631	0.646780769791538
LT934125.1	-	UL7	PC_12_2h	240	86130	86130	86130	522.875817	522.875817	86130	86130	1		1	2h	PC_12	2	240	86302	87102	87102	86302	172	240	86132	2	1.27777777777778	0.826442094733631	0.646780769791538
LT934125.1	-	UL7	PC_12_4h	240	86123	86138	86133	823.596028	257.373758	86131	86137	7		16	4h	PC_12	4	240	86302	87102	87102	86302	169	240	86132	-1	1.27777777777778	0.826442094733631	0.646780769791538
LT934125.1	-	UL7	PC_12_6h	240	86131	86138	86133	807.143863	345.918799	86132	86137	6		8	6h	PC_12	6	240	86302	87102	87102	86302	169	240	86132	-1	1.27777777777778	0.826442094733631	0.646780769791538
LT934125.1	-	UL7	PC_12_8h	240	86129	86142	86133	902.898421	480.021944	86131	86137	7		14	8h	PC_12	8	240	86302	87102	87102	86302	169	240	86132	-1	1.27777777777778	0.826442094733631	0.646780769791538
LT934125.1	-	UL7	PK_15_12h	240	86130	86138	86133	356.625673	175.997085	86132	86137	6		9	12h	PK_15	12	240	86302	87102	87102	86302	169	240	86132	-1	1.27777777777778	0.826442094733631	0.646780769791538
LT934125.1	-	UL7	PK_15_2h	240	86133	86138	86133	253.015098	84.338366	86133	86138	6		6	2h	PK_15	2	240	86302	87102	87102	86302	169	240	86132	-1	1.27777777777778	0.826442094733631	0.646780769791538
LT934125.1	-	UL7	PK_15_4h	240	86128	86138	86133	790.086494	332.667997	86131	86137	7		11	4h	PK_15	4	240	86302	87102	87102	86302	169	240	86132	-1	1.27777777777778	0.826442094733631	0.646780769791538
LT934125.1	-	UL7	PK_15_6h	240	86128	86138	86133	543.344284	216.331521	86131	86138	8		11	6h	PK_15	6	240	86302	87102	87102	86302	169	240	86132	-1	1.27777777777778	0.826442094733631	0.646780769791538
LT934125.1	-	UL7	PK_15_8h	240	86130	86138	86133	491.405396	207.038821	86131	86137	7		9	8h	PK_15	8	240	86302	87102	87102	86302	169	240	86132	-1	1.27777777777778	0.826442094733631	0.646780769791538
LT934125.1	-	US1_2	C6_12h	299	127012	127098	127048	4636.04378	535.677327	127028	127088	61	US1_2	87	12h	C6	12	299	126886	127977	127977	126886	-162	299	127050	2	39.7857142857143	58.2292268293411	1.46357123089906
LT934125.1	-	US1_2	C6_1h	299	127027	127048	127027	2609.262884	652.315721	127027	127048	22	US1_2	22	1h	C6	1	299	126886	127977	127977	126886	-141	299	127050	23	39.7857142857143	58.2292268293411	1.46357123089906
LT934125.1	-	US1_2	C6_2h	299	127028	127072	127072	2033.553635	1016.776817	127028	127072	45	US1_2	45	2h	C6	2	299	126886	127977	127977	126886	-186	299	127050	-22	39.7857142857143	58.2292268293411	1.46357123089906
LT934125.1	-	US1_2	C6_6h	299	127012	127102	127084	7690.209977	872.647941	127031	127089	59	US1_2	91	6h	C6	6	299	126886	127977	127977	126886	-198	299	127050	-34	39.7857142857143	58.2292268293411	1.46357123089906
LT934125.1	-	US1_2	NRK_2h	302	127276	127276	127276	816.993464	816.993464	127276	127276	1	US1_2	1	2h	NRK	2	302	126886	127977	127977	126886	-390	302	127050	-226	39.7857142857143	58.2292268293411	1.46357123089906
LT934125.1	-	US1_2	PC_12_0.5h	298	126989	126989	126989	16666.666667	16666.666667	126989	126989	1	US1_2	1	0.5h	PC_12	0.5	298	126886	127977	127977	126886	-103	298	127050	61	39.7857142857143	58.2292268293411	1.46357123089906
LT934125.1	-	US1_2	PC_12_1.5h	299	127031	127037	127037	6418.485236	2567.394095	127031	127037	7	US1_2	7	1.5h	PC_12	1.5	299	126886	127977	127977	126886	-151	299	127050	13	39.7857142857143	58.2292268293411	1.46357123089906
LT934125.1	-	US1_2	PC_12_1h	299	127040	127048	127042	3048.780488	1524.390244	127040	127048	9	US1_2	9	1h	PC_12	1	299	126886	127977	127977	126886	-156	299	127050	8	39.7857142857143	58.2292268293411	1.46357123089906
LT934125.1	-	US1_2	PC_12_2.5h	299	127004	127094	127033	9043.927645	1291.989664	127018	127089	72	US1_2	91	2.5h	PC_12	2.5	299	126886	127977	127977	126886	-147	299	127050	17	39.7857142857143	58.2292268293411	1.46357123089906
LT934125.1	-	US1_2	PC_12_4h	299	126963	127098	127048	16832.243796	1389.818294	126985	127088	104	US1_2	136	4h	PC_12	4	299	126886	127977	127977	126886	-162	299	127050	2	39.7857142857143	58.2292268293411	1.46357123089906
LT934125.1	-	US1_2	PC_12_8h	298	126967	127096	126985	11154.795656	1131.480296	126985	127089	105	US1_2	130	8h	PC_12	8	298	126886	127977	127977	126886	-99	298	127050	65	39.7857142857143	58.2292268293411	1.46357123089906
LT934125.1	-	US1_2	PK_15_12h	299	126967	127098	127048	8934.167827	861.459417	126985	127088	104	US1_2	132	12h	PK_15	12	299	126886	127977	127977	126886	-162	299	127050	2	39.7857142857143	58.2292268293411	1.46357123089906
LT934125.1	-	US1_2	PK_15_1h	299	127033	127094	127033	2245.508982	748.502994	127033	127094	62	US1_2	62	1h	PK_15	1	299	126886	127977	127977	126886	-147	299	127050	17	39.7857142857143	58.2292268293411	1.46357123089906
LT934125.1	-	US1_2	PK_15_8h	298	126967	127098	126985	24852.141857	2893.554607	126985	127087	103	US1_2	132	8h	PK_15	8	298	126886	127977	127977	126886	-99	298	127050	65	39.7857142857143	58.2292268293411	1.46357123089906
