cluster	group	chr	start	end	strand	dominant_tss	tags	tags.dominant_tss	q_0.1	q_0.9	interquantile_width	shape.score	cluster_width	hpi	cell_line	Time	TC.start	TC.end	consensus_peak	min_peak	max_peak	mean_shape	min_shape	max_shape	support	score	hpi_samples	cell_lines	peak_shift	TC.width
1	C6_dRNA	LT934125.1	2266	2275	+	2273	17297.018201	11617.400284	2273	2275	3	1.30118331445939	10	dRNA	C6	dRNA	2265	2275	2273	2273	2273	1.30118331445939	1.30118331445939	2.26449396932099	3	42931.946413	dRNA	C6, PC_12, PK_15	0	0
1	PC_12_dRNA	LT934125.1	2266	2275	+	2273	15511.033144	10109.869818	2271	2275	5	2.16278243861997	10	dRNA	PC_12	dRNA	2265	2275	2273	2273	2273	1.30118331445939	1.30118331445939	2.26449396932099	3	42931.946413	dRNA	C6, PC_12, PK_15	0	0
1	PK_15_dRNA	LT934125.1	2265	2275	+	2273	10123.895068	6770.076085	2271	2275	5	2.26449396932099	11	dRNA	PK_15	dRNA	2265	2275	2273	2273	2273	1.30118331445939	1.30118331445939	2.26449396932099	3	42931.946413	dRNA	C6, PC_12, PK_15	0	0
2	C6_dRNA	LT934125.1	8519	8526	+	8519	1807.151155	1032.657803	8519	8523	5	2.23192227841236	8	dRNA	C6	dRNA	8515	8526	8519	8519	8519	2.23192227841236	2.23192227841236	5.3025669449454	3	6041.531518	dRNA	C6, PC_12, PK_15	0	0
2	PC_12_dRNA	LT934125.1	8518	8526	+	8519	2031.206722	969.439572	8519	8526	8	5.22222471848594	9	dRNA	PC_12	dRNA	8515	8526	8519	8519	8519	2.23192227841236	2.23192227841236	5.3025669449454	3	6041.531518	dRNA	C6, PC_12, PK_15	0	0
2	PK_15_dRNA	LT934125.1	8515	8526	+	8519	2203.173641	1043.608567	8519	8526	8	5.3025669449454	12	dRNA	PK_15	dRNA	8515	8526	8519	8519	8519	2.23192227841236	2.23192227841236	5.3025669449454	3	6041.531518	dRNA	C6, PC_12, PK_15	0	0
3	PC_12_dRNA	LT934125.1	8666	8666	+	8666	46.163789	46.163789	8666	8666	1	0	1	dRNA	PC_12	dRNA	8666	8666	8666	8666	8666	0	0	0	1	46.163789	dRNA	PC_12	0	0
4	C6_dRNA	LT934125.1	10418	10431	+	10426	52149.219053	42726.2166	10426	10429	4	0.652180296765906	14	dRNA	C6	dRNA	10413	10431	10426	10426	10426	0.468053884990384	0.468053884990384	1.62503428865047	3	169729.133603	dRNA	C6, PC_12, PK_15	0	0
4	PC_12_dRNA	LT934125.1	10416	10431	+	10426	56827.624411	47641.030376	10426	10429	4	0.468053884990384	16	dRNA	PC_12	dRNA	10413	10431	10426	10426	10426	0.468053884990384	0.468053884990384	1.62503428865047	3	169729.133603	dRNA	C6, PC_12, PK_15	0	0
4	PK_15_dRNA	LT934125.1	10413	10431	+	10426	60752.290139	46391.522687	10426	10430	5	1.62503428865047	19	dRNA	PK_15	dRNA	10413	10431	10426	10426	10426	0.468053884990384	0.468053884990384	1.62503428865047	3	169729.133603	dRNA	C6, PC_12, PK_15	0	0
5	C6_dRNA	LT934125.1	11112	11112	+	11112	129.082225	129.082225	11112	11112	1	0	1	dRNA	C6	dRNA	11112	11112	11112	11112	11112	0	0	0	1	129.082225	dRNA	C6	0	0
6	PC_12_dRNA	LT934125.1	12517	12517	+	12517	46.163789	46.163789	12517	12517	1	0	1	dRNA	PC_12	dRNA	12517	12517	12517	12517	12517	0	0	0	1	46.163789	dRNA	PC_12	0	0
7	PC_12_dRNA	LT934125.1	12765	12765	+	12765	46.163789	46.163789	12765	12765	1	0	1	dRNA	PC_12	dRNA	12765	12765	12765	12765	12765	0	0	0	1	46.163789	dRNA	PC_12	0	0
8	C6_dRNA	LT934125.1	13033	13033	+	13033	129.082225	129.082225	13033	13033	1	0	1	dRNA	C6	dRNA	13033	13033	13033	13033	13033	0	0	0	1	129.082225	dRNA	C6	0	0
9	C6_dRNA	LT934125.1	13193	13193	+	13193	129.082225	129.082225	13193	13193	1	0	1	dRNA	C6	dRNA	13193	13193	13193	13193	13193	0	0	0	1	129.082225	dRNA	C6	0	0
10	C6_dRNA	LT934125.1	15006	15006	+	15006	129.082225	129.082225	15006	15006	1	0	1	dRNA	C6	dRNA	15006	15006	15006	15006	15006	0	0	0	1	129.082225	dRNA	C6	0	0
11	C6_dRNA	LT934125.1	15082	15082	+	15082	129.082225	129.082225	15082	15082	1	0	1	dRNA	C6	dRNA	15082	15082	15082	15082	15082	0	0	0	1	129.082225	dRNA	C6	0	0
12	PC_12_dRNA	LT934125.1	15630	15630	+	15630	46.163789	46.163789	15630	15630	1	0	1	dRNA	PC_12	dRNA	15630	15630	15630	15630	15630	0	0	0	1	46.163789	dRNA	PC_12	0	0
13	C6_dRNA	LT934125.1	16210	16226	+	16224	41822.641021	37821.092036	16224	16224	1	0	17	dRNA	C6	dRNA	16209	16226	16224	16224	16224	0	0	0	3	149516.362984	dRNA	C6, PC_12, PK_15	0	0
13	PC_12_dRNA	LT934125.1	16209	16226	+	16224	56735.296831	51518.788662	16224	16224	1	0	18	dRNA	PC_12	dRNA	16209	16226	16224	16224	16224	0	0	0	3	149516.362984	dRNA	C6, PC_12, PK_15	0	0
13	PK_15_dRNA	LT934125.1	16209	16226	+	16224	50958.425132	47024.823612	16224	16224	1	0	18	dRNA	PK_15	dRNA	16209	16226	16224	16224	16224	0	0	0	3	149516.362984	dRNA	C6, PC_12, PK_15	0	0
14	PC_12_dRNA	LT934125.1	18834	18834	+	18834	46.163789	46.163789	18834	18834	1	0	1	dRNA	PC_12	dRNA	18834	18834	18834	18834	18834	0	0	0	1	46.163789	dRNA	PC_12	0	0
15	C6_dRNA	LT934125.1	21872	21872	+	21872	129.082225	129.082225	21872	21872	1	0	1	dRNA	C6	dRNA	21872	21872	21872	21872	21872	0	0	0	1	129.082225	dRNA	C6	0	0
16	PK_15_dRNA	LT934125.1	28428	28428	+	28428	17.839463	17.839463	28428	28428	1	0	1	dRNA	PK_15	dRNA	28428	28428	28428	28428	28428	0	0	0	1	17.839463	dRNA	PK_15	0	0
17	C6_dRNA	LT934125.1	28629	28632	+	28632	1161.740028	1032.657803	28629	28632	4	1.00651666782974	4	dRNA	C6	dRNA	28629	28632	28632	28632	28632	0	0	1.25033113697621	3	2541.48724	dRNA	C6, PC_12, PK_15	0	0
17	PC_12_dRNA	LT934125.1	28629	28632	+	28632	969.439571	877.111993	28632	28632	1	0	4	dRNA	PC_12	dRNA	28629	28632	28632	28632	28632	0	0	1.25033113697621	3	2541.48724	dRNA	C6, PC_12, PK_15	0	0
17	PK_15_dRNA	LT934125.1	28629	28632	+	28632	410.307641	330.030059	28630	28632	3	1.25033113697621	4	dRNA	PK_15	dRNA	28629	28632	28632	28632	28632	0	0	1.25033113697621	3	2541.48724	dRNA	C6, PC_12, PK_15	0	0
18	C6_dRNA	LT934125.1	32406	32415	+	32415	80160.061959	63895.701562	32413	32415	3	1.31565016551312	10	dRNA	C6	dRNA	32402	32415	32415	32415	32415	0.272412957271354	0.272412957271354	1.31565016551312	3	230800.391236	dRNA	C6, PC_12, PK_15	0	0
18	PC_12_dRNA	LT934125.1	32402	32415	+	32415	80094.174129	69661.157788	32414	32415	2	0.272412957271354	14	dRNA	PC_12	dRNA	32402	32415	32415	32415	32415	0.272412957271354	0.272412957271354	1.31565016551312	3	230800.391236	dRNA	C6, PC_12, PK_15	0	0
18	PK_15_dRNA	LT934125.1	32403	32415	+	32415	70546.155148	60895.005842	32414	32415	2	0.323955606889955	13	dRNA	PK_15	dRNA	32402	32415	32415	32415	32415	0.272412957271354	0.272412957271354	1.31565016551312	3	230800.391236	dRNA	C6, PC_12, PK_15	0	0
19	PC_12_dRNA	LT934125.1	32704	32704	+	32704	46.163789	46.163789	32704	32704	1	0	1	dRNA	PC_12	dRNA	32704	32704	32704	32704	32704	0	0	0	1	46.163789	dRNA	PC_12	0	0
20	C6_dRNA	LT934125.1	44943	44943	+	44943	129.082225	129.082225	44943	44943	1	0	1	dRNA	C6	dRNA	44943	44943	44943	44943	44943	0	0	0	1	129.082225	dRNA	C6	0	0
21	C6_dRNA	LT934125.1	46034	46038	+	46038	10455.660256	8777.591326	46036	46038	3	0.676427953243869	5	dRNA	C6	dRNA	46034	46039	46038	46038	46038	0.6478248352415	0.6478248352415	1.73206694019068	3	41742.70458	dRNA	C6, PC_12, PK_15	0	0
21	PC_12_dRNA	LT934125.1	46035	46038	+	46038	12002.585172	10294.524975	46036	46038	3	0.6478248352415	4	dRNA	PC_12	dRNA	46034	46039	46038	46038	46038	0.6478248352415	0.6478248352415	1.73206694019068	3	41742.70458	dRNA	C6, PC_12, PK_15	0	0
21	PK_15_dRNA	LT934125.1	46034	46039	+	46038	19284.459152	15894.961244	46035	46038	4	1.73206694019068	6	dRNA	PK_15	dRNA	46034	46039	46038	46038	46038	0.6478248352415	0.6478248352415	1.73206694019068	3	41742.70458	dRNA	C6, PC_12, PK_15	0	0
22	C6_dRNA	LT934125.1	46190	46190	+	46190	129.082225	129.082225	46190	46190	1	0	1	dRNA	C6	dRNA	46190	46190	46190	46190	46190	0	0	0	1	129.082225	dRNA	C6	0	0
23	C6_dRNA	LT934125.1	46297	46297	+	46297	129.082225	129.082225	46297	46297	1	0	1	dRNA	C6	dRNA	46297	46297	46297	46297	46297	0	0	0	1	129.082225	dRNA	C6	0	0
24	C6_dRNA	LT934125.1	48315	48315	+	48315	129.082225	129.082225	48315	48315	1	0	1	dRNA	C6	dRNA	48315	48315	48315	48315	48315	0	0	0	1	129.082225	dRNA	C6	0	0
25	C6_dRNA	LT934125.1	48641	48641	+	48641	129.082225	129.082225	48641	48641	1	0	1	dRNA	C6	dRNA	48641	48641	48641	48641	48641	0	0	0	1	129.082225	dRNA	C6	0	0
26	C6_dRNA	LT934125.1	48878	48885	+	48878	258.16445	129.082225	48878	48885	8	3	8	dRNA	C6	dRNA	48878	48885	48878	48878	48878	3	3	3	1	258.16445	dRNA	C6	0	0
27	C6_dRNA	LT934125.1	49164	49164	+	49164	129.082225	129.082225	49164	49164	1	0	1	dRNA	C6	dRNA	49164	49164	49164	49164	49164	0	0	0	1	129.082225	dRNA	C6	0	0
28	PC_12_dRNA	LT934125.1	49334	49334	+	49334	46.163789	46.163789	49334	49334	1	0	1	dRNA	PC_12	dRNA	49334	49334	49334	49334	49334	0	0	0	1	46.163789	dRNA	PC_12	0	0
29	C6_dRNA	LT934125.1	49640	49647	+	49647	38337.420936	35239.447528	49647	49647	1	0	8	dRNA	C6	dRNA	49640	49647	49647	49647	49647	0	0	0	3	95316.558897	dRNA	C6, PC_12, PK_15	0	0
29	PC_12_dRNA	LT934125.1	49640	49647	+	49647	35776.936571	32868.617856	49647	49647	1	0	8	dRNA	PC_12	dRNA	49640	49647	49647	49647	49647	0	0	0	3	95316.558897	dRNA	C6, PC_12, PK_15	0	0
29	PK_15_dRNA	LT934125.1	49640	49647	+	49647	21202.20139	19596.649749	49647	49647	1	0	8	dRNA	PK_15	dRNA	49640	49647	49647	49647	49647	0	0	0	3	95316.558897	dRNA	C6, PC_12, PK_15	0	0
30	C6_dRNA	LT934125.1	52426	52439	+	52435	12262.81141	6841.357945	52430	52439	10	5.20550748698154	14	dRNA	C6	dRNA	52422	52440	52435	52435	52435	4.10739074871094	4.10739074871094	6.23273204491502	3	40871.277128	dRNA	C6, PC_12, PK_15	0	0
30	PC_12_dRNA	LT934125.1	52422	52439	+	52435	12187.240326	5908.965008	52430	52439	10	6.23273204491502	18	dRNA	PC_12	dRNA	52422	52440	52435	52435	52435	4.10739074871094	4.10739074871094	6.23273204491502	3	40871.277128	dRNA	C6, PC_12, PK_15	0	0
30	PK_15_dRNA	LT934125.1	52422	52440	+	52435	16421.225392	8554.022353	52434	52439	6	4.10739074871094	19	dRNA	PK_15	dRNA	52422	52440	52435	52435	52435	4.10739074871094	4.10739074871094	6.23273204491502	3	40871.277128	dRNA	C6, PC_12, PK_15	0	0
31	C6_dRNA	LT934125.1	53591	53604	+	53594	11101.071382	4001.548987	53594	53604	11	8.01499867280815	14	dRNA	C6	dRNA	53590	53604	53594	53594	53594	7.55335249668586	7.55335249668586	8.21379000769157	3	33815.934768	dRNA	C6, PC_12, PK_15	0	0
31	PC_12_dRNA	LT934125.1	53590	53604	+	53594	10940.81802	3508.447973	53594	53604	11	8.21379000769157	15	dRNA	PC_12	dRNA	53590	53604	53594	53594	53594	7.55335249668586	7.55335249668586	8.21379000769157	3	33815.934768	dRNA	C6, PC_12, PK_15	0	0
31	PK_15_dRNA	LT934125.1	53590	53604	+	53594	11774.045366	5672.949131	53594	53604	11	7.55335249668586	15	dRNA	PK_15	dRNA	53590	53604	53594	53594	53594	7.55335249668586	7.55335249668586	8.21379000769157	3	33815.934768	dRNA	C6, PC_12, PK_15	0	0
32	C6_dRNA	LT934125.1	53758	53758	+	53758	129.082225	129.082225	53758	53758	1	0	1	dRNA	C6	dRNA	53758	53765	53762	53758	53765	0	0	0	2	175.246014	dRNA	C6, PC_12	4	7
32	PC_12_dRNA	LT934125.1	53765	53765	+	53765	46.163789	46.163789	53765	53765	1	0	1	dRNA	PC_12	dRNA	53758	53765	53762	53758	53765	0	0	0	2	175.246014	dRNA	C6, PC_12	-3	7
33	C6_dRNA	LT934125.1	54271	54271	+	54271	129.082225	129.082225	54271	54271	1	0	1	dRNA	C6	dRNA	54271	54271	54271	54271	54271	0	0	0	1	129.082225	dRNA	C6	0	0
34	C6_dRNA	LT934125.1	54412	54412	+	54412	129.082225	129.082225	54412	54412	1	0	1	dRNA	C6	dRNA	54412	54412	54412	54412	54412	0	0	0	1	129.082225	dRNA	C6	0	0
35	PC_12_dRNA	LT934125.1	54725	54725	+	54725	46.163789	46.163789	54725	54725	1	0	1	dRNA	PC_12	dRNA	54725	54725	54725	54725	54725	0	0	0	1	46.163789	dRNA	PC_12	0	0
36	C6_dRNA	LT934125.1	55154	55161	+	55161	20524.073834	19362.333807	55161	55161	1	0	8	dRNA	C6	dRNA	55147	55161	55161	55161	55161	0	0	0	3	74921.443282	dRNA	C6, PC_12, PK_15	0	0
36	PC_12_dRNA	LT934125.1	55147	55161	+	55161	26451.851167	25159.265072	55161	55161	1	0	15	dRNA	PC_12	dRNA	55147	55161	55161	55161	55161	0	0	0	3	74921.443282	dRNA	C6, PC_12, PK_15	0	0
36	PK_15_dRNA	LT934125.1	55153	55161	+	55161	27945.518281	26063.454969	55161	55161	1	0	9	dRNA	PK_15	dRNA	55147	55161	55161	55161	55161	0	0	0	3	74921.443282	dRNA	C6, PC_12, PK_15	0	0
37	C6_dRNA	LT934125.1	55271	55279	+	55271	645.411127	258.164451	55271	55279	9	4.82439791641632	9	dRNA	C6	dRNA	55262	55279	55271	55271	55271	4.82439791641632	4.82439791641632	6.38450693475967	3	956.507654	dRNA	C6, PC_12, PK_15	0	0
37	PC_12_dRNA	LT934125.1	55270	55279	+	55271	230.818945	92.327578	55270	55279	10	6.38450693475967	10	dRNA	PC_12	dRNA	55262	55279	55271	55271	55271	4.82439791641632	4.82439791641632	6.38450693475967	3	956.507654	dRNA	C6, PC_12, PK_15	0	0
37	PK_15_dRNA	LT934125.1	55262	55279	+	55271	80.277582	35.678925	55262	55279	18	6.3820412792215	18	dRNA	PK_15	dRNA	55262	55279	55271	55271	55271	4.82439791641632	4.82439791641632	6.38450693475967	3	956.507654	dRNA	C6, PC_12, PK_15	0	0
38	PC_12_dRNA	LT934125.1	55666	55666	+	55666	46.163789	46.163789	55666	55666	1	0	1	dRNA	PC_12	dRNA	55666	55666	55666	55666	55666	0	0	0	1	46.163789	dRNA	PC_12	0	0
39	C6_dRNA	LT934125.1	60247	60254	+	60251	11230.153607	10068.413579	60251	60251	1	0	8	dRNA	C6	dRNA	60240	60254	60251	60251	60251	0	0	0.142004463559876	3	33735.638839	dRNA	C6, PC_12, PK_15	0	0
39	PC_12_dRNA	LT934125.1	60245	60254	+	60251	11079.309388	9001.938879	60250	60251	2	0.142004463559876	10	dRNA	PC_12	dRNA	60240	60254	60251	60251	60251	0	0	0.142004463559876	3	33735.638839	dRNA	C6, PC_12, PK_15	0	0
39	PK_15_dRNA	LT934125.1	60240	60254	+	60251	11426.175844	9570.871725	60251	60251	1	0	15	dRNA	PK_15	dRNA	60240	60254	60251	60251	60251	0	0	0.142004463559876	3	33735.638839	dRNA	C6, PC_12, PK_15	0	0
40	C6_dRNA	LT934125.1	62336	62341	+	62340	10584.742481	6454.111269	62338	62340	3	1.45546446149025	6	dRNA	C6	dRNA	62333	62341	62340	62340	62340	1.37681018175203	1.37681018175203	1.45546446149025	3	32443.174953	dRNA	C6, PC_12, PK_15	0	0
40	PC_12_dRNA	LT934125.1	62333	62341	+	62340	14356.938417	9925.214662	62338	62340	3	1.37804884716492	9	dRNA	PC_12	dRNA	62333	62341	62340	62340	62340	1.37681018175203	1.37681018175203	1.45546446149025	3	32443.174953	dRNA	C6, PC_12, PK_15	0	0
40	PK_15_dRNA	LT934125.1	62334	62341	+	62340	7501.494055	5209.123101	62338	62340	3	1.37681018175203	8	dRNA	PK_15	dRNA	62333	62341	62340	62340	62340	1.37681018175203	1.37681018175203	1.45546446149025	3	32443.174953	dRNA	C6, PC_12, PK_15	0	0
41	C6_dRNA	LT934125.1	63280	63280	+	63280	129.082225	129.082225	63280	63280	1	0	1	dRNA	C6	dRNA	63280	63280	63280	63280	63280	0	0	0	1	129.082225	dRNA	C6	0	0
42	C6_dRNA	LT934125.1	63577	63577	+	63577	129.082225	129.082225	63577	63577	1	0	1	dRNA	C6	dRNA	63577	63577	63577	63577	63577	0	0	0	1	129.082225	dRNA	C6	0	0
43	PC_12_dRNA	LT934125.1	66028	66028	+	66028	46.163789	46.163789	66028	66028	1	0	1	dRNA	PC_12	dRNA	66028	66028	66028	66028	66028	0	0	0	1	46.163789	dRNA	PC_12	0	0
44	C6_dRNA	LT934125.1	70507	70521	+	70521	17813.347101	16135.278172	70521	70521	1	0	15	dRNA	C6	dRNA	70507	70521	70521	70521	70521	0	0	0	3	81103.992578	dRNA	C6, PC_12, PK_15	0	0
44	PC_12_dRNA	LT934125.1	70515	70521	+	70521	24882.282337	23728.18761	70521	70521	1	0	7	dRNA	PC_12	dRNA	70507	70521	70521	70521	70521	0	0	0	3	81103.992578	dRNA	C6, PC_12, PK_15	0	0
44	PK_15_dRNA	LT934125.1	70512	70521	+	70521	38408.36314	36178.430306	70521	70521	1	0	10	dRNA	PK_15	dRNA	70507	70521	70521	70521	70521	0	0	0	3	81103.992578	dRNA	C6, PC_12, PK_15	0	0
45	C6_dRNA	LT934125.1	70709	70709	+	70709	129.082225	129.082225	70709	70709	1	0	1	dRNA	C6	dRNA	70709	70709	70709	70709	70709	0	0	0	1	129.082225	dRNA	C6	0	0
46	C6_dRNA	LT934125.1	71528	71546	+	71544	32270.556344	11359.235833	71530	71544	15	8.50999316163837	19	dRNA	C6	dRNA	71519	71546	71544	71544	71544	8.32282871918086	8.32282871918086	8.79422788307516	3	82958.122976	dRNA	C6, PC_12, PK_15	0	0
46	PC_12_dRNA	LT934125.1	71519	71544	+	71544	30421.937032	9509.74056	71530	71544	15	8.79422788307516	26	dRNA	PC_12	dRNA	71519	71546	71544	71544	71544	8.32282871918086	8.32282871918086	8.79422788307516	3	82958.122976	dRNA	C6, PC_12, PK_15	0	0
46	PK_15_dRNA	LT934125.1	71519	71544	+	71544	20265.6296	6573.841996	71530	71544	15	8.32282871918086	26	dRNA	PK_15	dRNA	71519	71546	71544	71544	71544	8.32282871918086	8.32282871918086	8.79422788307516	3	82958.122976	dRNA	C6, PC_12, PK_15	0	0
47	PC_12_dRNA	LT934125.1	74218	74218	+	74218	46.163789	46.163789	74218	74218	1	0	1	dRNA	PC_12	dRNA	74218	74218	74218	74218	74218	0	0	0	1	46.163789	dRNA	PC_12	0	0
48	PC_12_dRNA	LT934125.1	74593	74593	+	74593	46.163789	46.163789	74593	74593	1	0	1	dRNA	PC_12	dRNA	74593	74593	74593	74593	74593	0	0	0	1	46.163789	dRNA	PC_12	0	0
49	C6_dRNA	LT934125.1	75647	75652	+	75648	3872.466761	2452.562282	75648	75652	5	3.56785754675472	6	dRNA	C6	dRNA	75639	75652	75648	75648	75648	2.01020878075274	2.01020878075274	3.56785754675472	3	7438.961341	dRNA	C6, PC_12, PK_15	0	0
49	PC_12_dRNA	LT934125.1	75644	75652	+	75648	1800.387775	1107.930939	75648	75651	4	2.62720174560609	9	dRNA	PC_12	dRNA	75639	75652	75648	75648	75648	2.01020878075274	2.01020878075274	3.56785754675472	3	7438.961341	dRNA	C6, PC_12, PK_15	0	0
49	PK_15_dRNA	LT934125.1	75639	75652	+	75648	1766.106805	865.21394	75648	75650	3	2.01020878075274	14	dRNA	PK_15	dRNA	75639	75652	75648	75648	75648	2.01020878075274	2.01020878075274	3.56785754675472	3	7438.961341	dRNA	C6, PC_12, PK_15	0	0
50	C6_dRNA	LT934125.1	76786	76786	+	76786	129.082225	129.082225	76786	76786	1	0	1	dRNA	C6	dRNA	76786	76786	76786	76786	76786	0	0	0	1	129.082225	dRNA	C6	0	0
51	C6_dRNA	LT934125.1	79987	79998	+	79996	58990.576996	49051.245643	79993	79996	4	0.845904218482002	12	dRNA	C6	dRNA	79974	79998	79996	79996	79996	0.21876580708643	0.21876580708643	0.998563353337915	3	137572.711721	dRNA	C6, PC_12, PK_15	0	0
51	PC_12_dRNA	LT934125.1	79974	79997	+	79996	41547.410211	35499.953836	79993	79996	4	0.998563353337915	24	dRNA	PC_12	dRNA	79974	79998	79996	79996	79996	0.21876580708643	0.21876580708643	0.998563353337915	3	137572.711721	dRNA	C6, PC_12, PK_15	0	0
51	PK_15_dRNA	LT934125.1	79989	79996	+	79996	37034.724514	32922.728367	79994	79996	3	0.21876580708643	8	dRNA	PK_15	dRNA	79974	79998	79996	79996	79996	0.21876580708643	0.21876580708643	0.998563353337915	3	137572.711721	dRNA	C6, PC_12, PK_15	0	0
52	PC_12_dRNA	LT934125.1	84254	84254	+	84254	46.163789	46.163789	84254	84254	1	0	1	dRNA	PC_12	dRNA	84254	84254	84254	84254	84254	0	0	0	1	46.163789	dRNA	PC_12	0	0
53	C6_dRNA	LT934125.1	86161	86168	+	86167	4388.795662	3743.384536	86164	86167	4	0.897728977247964	8	dRNA	C6	dRNA	86158	86168	86167	86167	86167	0.897728977247964	0.897728977247964	1.22521096794187	3	11944.461581	dRNA	C6, PC_12, PK_15	0	0
53	PC_12_dRNA	LT934125.1	86161	86168	+	86167	4754.870279	3693.10313	86164	86167	4	1.22521096794187	8	dRNA	PC_12	dRNA	86158	86168	86167	86167	86167	0.897728977247964	0.897728977247964	1.22521096794187	3	11944.461581	dRNA	C6, PC_12, PK_15	0	0
53	PK_15_dRNA	LT934125.1	86158	86168	+	86167	2800.79564	2256.692028	86164	86167	4	1.07006590849055	11	dRNA	PK_15	dRNA	86158	86168	86167	86167	86167	0.897728977247964	0.897728977247964	1.22521096794187	3	11944.461581	dRNA	C6, PC_12, PK_15	0	0
54	PC_12_dRNA	LT934125.1	91559	91559	+	91559	92.327578	92.327578	91559	91559	1	0	1	dRNA	PC_12	dRNA	91551	91562	91559	91559	91559	0	0	4.79764393196584	2	226.123548	dRNA	PC_12, PK_15	0	0
54	PK_15_dRNA	LT934125.1	91551	91562	+	91559	133.79597	80.277582	91551	91562	12	4.79764393196584	12	dRNA	PK_15	dRNA	91551	91562	91559	91559	91559	0	0	4.79764393196584	2	226.123548	dRNA	PC_12, PK_15	0	0
55	C6_dRNA	LT934125.1	92051	92059	+	92059	5421.453465	4517.877888	92052	92059	8	2.35132145708783	9	dRNA	C6	dRNA	92045	92059	92059	92059	92059	2.35132145708783	2.35132145708783	3.24327162430543	3	11348.090756	dRNA	C6, PC_12, PK_15	0	0
55	PC_12_dRNA	LT934125.1	92045	92059	+	92059	4062.413442	3231.465239	92052	92059	8	3.08109575961805	15	dRNA	PC_12	dRNA	92045	92059	92059	92059	92059	2.35132145708783	2.35132145708783	3.24327162430543	3	11348.090756	dRNA	C6, PC_12, PK_15	0	0
55	PK_15_dRNA	LT934125.1	92050	92059	+	92059	1864.223849	1436.076745	92052	92059	8	3.24327162430543	10	dRNA	PK_15	dRNA	92045	92059	92059	92059	92059	2.35132145708783	2.35132145708783	3.24327162430543	3	11348.090756	dRNA	C6, PC_12, PK_15	0	0
56	C6_dRNA	LT934125.1	95020	95020	+	95020	129.082225	129.082225	95020	95020	1	0	1	dRNA	C6	dRNA	95020	95020	95020	95020	95020	0	0	0	1	129.082225	dRNA	C6	0	0
57	PC_12_dRNA	LT934125.1	96246	96246	+	96246	46.163789	46.163789	96246	96246	1	0	1	dRNA	PC_12	dRNA	96246	96246	96246	96246	96246	0	0	0	1	46.163789	dRNA	PC_12	0	0
58	PC_12_dRNA	LT934125.1	98936	98936	+	98936	46.163789	46.163789	98936	98936	1	0	1	dRNA	PC_12	dRNA	98936	98936	98936	98936	98936	0	0	0	1	46.163789	dRNA	PC_12	0	0
59	PC_12_dRNA	LT934125.1	102393	102393	+	102393	46.163789	46.163789	102393	102393	1	0	1	dRNA	PC_12	dRNA	102393	102393	102393	102393	102393	0	0	0	1	46.163789	dRNA	PC_12	0	0
60	C6_dRNA	LT934125.1	102587	102587	+	102587	129.082225	129.082225	102587	102587	1	0	1	dRNA	C6	dRNA	102587	102607	102597	102587	102607	0	0	0	2	175.246014	dRNA	C6, PC_12	10	20
60	PC_12_dRNA	LT934125.1	102607	102607	+	102607	46.163789	46.163789	102607	102607	1	0	1	dRNA	PC_12	dRNA	102587	102607	102597	102587	102607	0	0	0	2	175.246014	dRNA	C6, PC_12	-10	20
61	PC_12_dRNA	LT934125.1	104579	104579	+	104579	46.163789	46.163789	104579	104579	1	0	1	dRNA	PC_12	dRNA	104579	104579	104579	104579	104579	0	0	0	1	46.163789	dRNA	PC_12	0	0
62	C6_dRNA	LT934125.1	107989	107989	+	107989	129.082225	129.082225	107989	107989	1	0	1	dRNA	C6	dRNA	107989	107989	107989	107989	107989	0	0	0	1	129.082225	dRNA	C6	0	0
63	C6_dRNA	LT934125.1	108031	108031	+	108031	129.082225	129.082225	108031	108031	1	0	1	dRNA	C6	dRNA	108031	108031	108031	108031	108031	0	0	0	1	129.082225	dRNA	C6	0	0
64	C6_dRNA	LT934125.1	108071	108071	+	108071	258.164451	258.164451	108071	108071	1	0	1	dRNA	C6	dRNA	108068	108071	108070	108068	108071	0	0	0	2	350.492029	dRNA	C6, PC_12	-1	3
64	PC_12_dRNA	LT934125.1	108068	108068	+	108068	92.327578	92.327578	108068	108068	1	0	1	dRNA	PC_12	dRNA	108068	108071	108070	108068	108071	0	0	0	2	350.492029	dRNA	C6, PC_12	2	3
65	PC_12_dRNA	LT934125.1	108120	108120	+	108120	46.163789	46.163789	108120	108120	1	0	1	dRNA	PC_12	dRNA	108120	108120	108120	108120	108120	0	0	0	1	46.163789	dRNA	PC_12	0	0
66	C6_dRNA	LT934125.1	108229	108231	+	108229	258.16445	129.082225	108229	108231	3	1.58496250072116	3	dRNA	C6	dRNA	108229	108233	108230	108229	108231	1.58496250072116	1.58496250072116	1.58496250072116	2	350.492028	dRNA	C6, PC_12	1	2
66	PC_12_dRNA	LT934125.1	108231	108233	+	108231	92.327578	46.163789	108231	108233	3	1.58496250072116	3	dRNA	PC_12	dRNA	108229	108233	108230	108229	108231	1.58496250072116	1.58496250072116	1.58496250072116	2	350.492028	dRNA	C6, PC_12	-1	2
67	PC_12_dRNA	LT934125.1	108614	108614	+	108614	92.327578	92.327578	108614	108614	1	0	1	dRNA	PC_12	dRNA	108614	108614	108614	108614	108614	0	0	0	1	92.327578	dRNA	PC_12	0	0
68	PC_12_dRNA	LT934125.1	108747	108747	+	108747	46.163789	46.163789	108747	108747	1	0	1	dRNA	PC_12	dRNA	108747	108747	108747	108747	108747	0	0	0	1	46.163789	dRNA	PC_12	0	0
69	C6_dRNA	LT934125.1	108816	108830	+	108829	6970.440169	5937.782367	108828	108829	2	0.462749058644926	15	dRNA	C6	dRNA	108816	108830	108829	108829	108829	0.378438361632625	0.378438361632625	0.462749058644926	3	29765.581139	dRNA	C6, PC_12, PK_15	0	0
69	PC_12_dRNA	LT934125.1	108816	108830	+	108829	10940.818022	9001.938879	108828	108829	2	0.446481346758238	15	dRNA	PC_12	dRNA	108816	108830	108829	108829	108829	0.378438361632625	0.378438361632625	0.462749058644926	3	29765.581139	dRNA	C6, PC_12, PK_15	0	0
69	PK_15_dRNA	LT934125.1	108816	108829	+	108829	11854.322948	10248.771307	108828	108829	2	0.378438361632625	14	dRNA	PK_15	dRNA	108816	108830	108829	108829	108829	0.378438361632625	0.378438361632625	0.462749058644926	3	29765.581139	dRNA	C6, PC_12, PK_15	0	0
70	C6_dRNA	LT934125.1	109987	109987	+	109987	129.082225	129.082225	109987	109987	1	0	1	dRNA	C6	dRNA	109987	109987	109987	109987	109987	0	0	0	1	129.082225	dRNA	C6	0	0
71	PC_12_dRNA	LT934125.1	111965	111965	+	111965	46.163789	46.163789	111965	111965	1	0	1	dRNA	PC_12	dRNA	111965	111965	111965	111965	111965	0	0	0	1	46.163789	dRNA	PC_12	0	0
72	C6_dRNA	LT934125.1	115213	115213	+	115213	129.082225	129.082225	115213	115213	1	0	1	dRNA	C6	dRNA	115213	115213	115213	115213	115213	0	0	0	1	129.082225	dRNA	C6	0	0
73	C6_dRNA	LT934125.1	115310	115310	+	115310	129.082225	129.082225	115310	115310	1	0	1	dRNA	C6	dRNA	115310	115310	115310	115310	115310	0	0	0	1	129.082225	dRNA	C6	0	0
74	C6_dRNA	LT934125.1	115376	115376	+	115376	129.082225	129.082225	115376	115376	1	0	1	dRNA	C6	dRNA	115367	115376	115372	115367	115376	0	0	0	2	175.246014	dRNA	C6, PC_12	-4	9
74	PC_12_dRNA	LT934125.1	115367	115367	+	115367	46.163789	46.163789	115367	115367	1	0	1	dRNA	PC_12	dRNA	115367	115376	115372	115367	115376	0	0	0	2	175.246014	dRNA	C6, PC_12	5	9
75	C6_dRNA	LT934125.1	115664	115664	+	115664	129.082225	129.082225	115664	115664	1	0	1	dRNA	C6	dRNA	115664	115664	115664	115664	115664	0	0	0	1	129.082225	dRNA	C6	0	0
76	C6_dRNA	LT934125.1	115887	115887	+	115887	129.082225	129.082225	115887	115887	1	0	1	dRNA	C6	dRNA	115887	115887	115887	115887	115887	0	0	0	1	129.082225	dRNA	C6	0	0
77	C6_dRNA	LT934125.1	115935	115935	+	115935	129.082225	129.082225	115935	115935	1	0	1	dRNA	C6	dRNA	115935	115935	115935	115935	115935	0	0	0	1	129.082225	dRNA	C6	0	0
78	PC_12_dRNA	LT934125.1	115989	115989	+	115989	46.163789	46.163789	115989	115989	1	0	1	dRNA	PC_12	dRNA	115989	115989	115989	115989	115989	0	0	0	1	46.163789	dRNA	PC_12	0	0
79	C6_dRNA	LT934125.1	116164	116164	+	116164	129.082225	129.082225	116164	116164	1	0	1	dRNA	C6	dRNA	116148	116164	116156	116148	116164	0	0	0	2	175.246014	dRNA	C6, PC_12	-8	16
79	PC_12_dRNA	LT934125.1	116148	116148	+	116148	46.163789	46.163789	116148	116148	1	0	1	dRNA	PC_12	dRNA	116148	116164	116156	116148	116164	0	0	0	2	175.246014	dRNA	C6, PC_12	8	16
80	PC_12_dRNA	LT934125.1	116221	116221	+	116221	46.163789	46.163789	116221	116221	1	0	1	dRNA	PC_12	dRNA	116221	116221	116221	116221	116221	0	0	0	1	46.163789	dRNA	PC_12	0	0
81	C6_dRNA	LT934125.1	116372	116372	+	116372	129.082225	129.082225	116372	116372	1	0	1	dRNA	C6	dRNA	116372	116372	116372	116372	116372	0	0	0	1	129.082225	dRNA	C6	0	0
82	C6_dRNA	LT934125.1	116914	116914	+	116914	129.082225	129.082225	116914	116914	1	0	1	dRNA	C6	dRNA	116914	116914	116914	116914	116914	0	0	0	1	129.082225	dRNA	C6	0	0
83	C6_dRNA	LT934125.1	116957	116962	+	116962	1419.904478	1161.740028	116960	116962	3	0.743340427674793	6	dRNA	C6	dRNA	116955	116962	116962	116962	116962	0.743340427674793	0.743340427674793	1.43877128869348	3	5126.455559	dRNA	C6, PC_12, PK_15	0	0
83	PC_12_dRNA	LT934125.1	116957	116962	+	116962	1985.042932	1523.405041	116959	116962	4	1.43877128869348	6	dRNA	PC_12	dRNA	116955	116962	116962	116962	116962	0.743340427674793	0.743340427674793	1.43877128869348	3	5126.455559	dRNA	C6, PC_12, PK_15	0	0
83	PK_15_dRNA	LT934125.1	116955	116962	+	116962	1721.508149	1391.478089	116959	116962	4	1.16017571583005	8	dRNA	PK_15	dRNA	116955	116962	116962	116962	116962	0.743340427674793	0.743340427674793	1.43877128869348	3	5126.455559	dRNA	C6, PC_12, PK_15	0	0
84	C6_dRNA	LT934125.1	118933	118933	+	118933	129.082225	129.082225	118933	118933	1	0	1	dRNA	C6	dRNA	118933	118933	118933	118933	118933	0	0	0	1	129.082225	dRNA	C6	0	0
85	C6_dRNA	LT934125.1	120469	120477	+	120477	53181.876855	40015.489867	120472	120477	6	2.43513233767752	9	dRNA	C6	dRNA	120460	120477	120477	120477	120477	2.41817290212307	2.41817290212307	2.56875283007565	3	202309.893726	dRNA	C6, PC_12, PK_15	0	0
85	PC_12_dRNA	LT934125.1	120464	120477	+	120477	75477.795217	55627.365894	120472	120477	6	2.56875283007565	14	dRNA	PC_12	dRNA	120460	120477	120477	120477	120477	2.41817290212307	2.41817290212307	2.56875283007565	3	202309.893726	dRNA	C6, PC_12, PK_15	0	0
85	PK_15_dRNA	LT934125.1	120460	120477	+	120477	73650.221654	56667.053188	120472	120477	6	2.41817290212307	18	dRNA	PK_15	dRNA	120460	120477	120477	120477	120477	2.41817290212307	2.41817290212307	2.56875283007565	3	202309.893726	dRNA	C6, PC_12, PK_15	0	0
86	C6_dRNA	LT934125.1	120563	120563	+	120563	129.082225	129.082225	120563	120563	1	0	1	dRNA	C6	dRNA	120563	120563	120563	120563	120563	0	0	0	1	129.082225	dRNA	C6	0	0
87	C6_dRNA	LT934125.1	122905	122916	+	122912	18975.087131	8648.5091	122908	122915	8	4.85668762202043	12	dRNA	C6	dRNA	122903	122916	122914	122912	122915	3.57640565515788	3.57640565515788	4.85668762202043	3	61993.508124	dRNA	C6, PC_12, PK_15	2	3
87	PC_12_dRNA	LT934125.1	122903	122916	+	122915	21004.52405	9186.594036	122909	122915	7	3.62027670475245	14	dRNA	PC_12	dRNA	122903	122916	122914	122912	122915	3.57640565515788	3.57640565515788	4.85668762202043	3	61993.508124	dRNA	C6, PC_12, PK_15	-1	3
87	PK_15_dRNA	LT934125.1	122904	122916	+	122915	22013.896943	9686.828233	122909	122915	7	3.57640565515788	13	dRNA	PK_15	dRNA	122903	122916	122914	122912	122915	3.57640565515788	3.57640565515788	4.85668762202043	3	61993.508124	dRNA	C6, PC_12, PK_15	-1	3
88	C6_dRNA	LT934125.1	123070	123070	+	123070	129.082225	129.082225	123070	123070	1	0	1	dRNA	C6	dRNA	123070	123070	123070	123070	123070	0	0	0	1	129.082225	dRNA	C6	0	0
89	C6_dRNA	LT934125.1	125225	125235	+	125230	9681.166903	8132.180199	125230	125230	1	0	11	dRNA	C6	dRNA	125213	125235	125230	125230	125230	0	0	1.36204142960953	3	34952.710977	dRNA	C6, PC_12, PK_15	0	0
89	PC_12_dRNA	LT934125.1	125213	125235	+	125230	11633.274858	9555.904349	125225	125230	6	1.36204142960953	23	dRNA	PC_12	dRNA	125213	125235	125230	125230	125230	0	0	1.36204142960953	3	34952.710977	dRNA	C6, PC_12, PK_15	0	0
89	PK_15_dRNA	LT934125.1	125222	125235	+	125230	13638.269216	11524.292888	125230	125230	1	0	14	dRNA	PK_15	dRNA	125213	125235	125230	125230	125230	0	0	1.36204142960953	3	34952.710977	dRNA	C6, PC_12, PK_15	0	0
90	PC_12_dRNA	LT934125.1	125295	125295	+	125295	46.163789	46.163789	125295	125295	1	0	1	dRNA	PC_12	dRNA	125295	125295	125295	125295	125295	0	0	0	1	46.163789	dRNA	PC_12	0	0
91	C6_dRNA	LT934125.1	126139	126151	+	126151	49696.65677	44404.28553	126148	126151	4	0.807847355071825	13	dRNA	C6	dRNA	126135	126151	126151	126151	126151	0	0	0.807847355071825	3	119099.126702	dRNA	C6, PC_12, PK_15	0	0
91	PC_12_dRNA	LT934125.1	126135	126151	+	126151	39931.677591	36469.393408	126151	126151	1	0	17	dRNA	PC_12	dRNA	126135	126151	126151	126151	126151	0	0	0.807847355071825	3	119099.126702	dRNA	C6, PC_12, PK_15	0	0
91	PK_15_dRNA	LT934125.1	126135	126151	+	126151	29470.792341	26304.287715	126149	126151	3	0.153409584148535	17	dRNA	PK_15	dRNA	126135	126151	126151	126151	126151	0	0	0.807847355071825	3	119099.126702	dRNA	C6, PC_12, PK_15	0	0
92	C6_dRNA	LT934125.1	126462	126467	+	126462	258.16445	129.082225	126462	126467	6	2.58496250072116	6	dRNA	C6	dRNA	126462	126467	126464	126462	126467	0	0	2.58496250072116	2	304.328239	dRNA	C6, PC_12	2	5
92	PC_12_dRNA	LT934125.1	126467	126467	+	126467	46.163789	46.163789	126467	126467	1	0	1	dRNA	PC_12	dRNA	126462	126467	126464	126462	126467	0	0	2.58496250072116	2	304.328239	dRNA	C6, PC_12	-3	5
93	C6_dRNA	LT934125.1	126512	126512	+	126512	129.082225	129.082225	126512	126512	1	0	1	dRNA	C6	dRNA	126512	126512	126512	126512	126512	0	0	0	1	129.082225	dRNA	C6	0	0
94	PC_12_dRNA	LT934125.1	129663	129663	+	129663	46.163789	46.163789	129663	129663	1	0	1	dRNA	PC_12	dRNA	129663	129663	129663	129663	129663	0	0	0	1	46.163789	dRNA	PC_12	0	0
95	C6_dRNA	LT934125.1	132111	132111	+	132111	129.082225	129.082225	132111	132111	1	0	1	dRNA	C6	dRNA	132111	132111	132111	132111	132111	0	0	0	1	129.082225	dRNA	C6	0	0
96	C6_dRNA	LT934125.1	132364	132364	+	132364	129.082225	129.082225	132364	132364	1	0	1	dRNA	C6	dRNA	132364	132364	132364	132364	132364	0	0	0	1	129.082225	dRNA	C6	0	0
97	PC_12_dRNA	LT934125.1	133515	133515	+	133515	46.163789	46.163789	133515	133515	1	0	1	dRNA	PC_12	dRNA	133515	133515	133515	133515	133515	0	0	0	1	46.163789	dRNA	PC_12	0	0
98	PC_12_dRNA	LT934125.1	135423	135423	+	135423	46.163789	46.163789	135423	135423	1	0	1	dRNA	PC_12	dRNA	135423	135423	135423	135423	135423	0	0	0	1	46.163789	dRNA	PC_12	0	0
99	C6_dRNA	LT934125.1	139091	139091	+	139091	129.082225	129.082225	139091	139091	1	0	1	dRNA	C6	dRNA	139091	139091	139091	139091	139091	0	0	0	1	129.082225	dRNA	C6	0	0
100	C6_dRNA	LT934125.1	141348	141359	+	141356	4517.877888	2581.644508	141350	141359	10	4.90893586613019	12	dRNA	C6	dRNA	141348	141360	141356	141356	141356	4.79477013802349	4.79477013802349	5.00882419249324	3	13170.989882	dRNA	C6, PC_12, PK_15	0	0
100	PC_12_dRNA	LT934125.1	141348	141359	+	141356	5816.637429	3923.922076	141350	141359	10	4.79477013802349	12	dRNA	PC_12	dRNA	141348	141360	141356	141356	141356	4.79477013802349	4.79477013802349	5.00882419249324	3	13170.989882	dRNA	C6, PC_12, PK_15	0	0
100	PK_15_dRNA	LT934125.1	141348	141360	+	141356	2836.474565	1828.544924	141350	141359	10	5.00882419249324	13	dRNA	PK_15	dRNA	141348	141360	141356	141356	141356	4.79477013802349	4.79477013802349	5.00882419249324	3	13170.989882	dRNA	C6, PC_12, PK_15	0	0
101	C6_dRNA	LT934125.1	1399	1399	-	1399	129.082225	129.082225	1399	1399	1	0	1	dRNA	C6	dRNA	1399	1399	1399	1399	1399	0	0	0	1	129.082225	dRNA	C6	0	0
102	C6_dRNA	LT934125.1	2778	2781	-	2778	13166.386988	12133.729185	2778	2778	1	0	4	dRNA	C6	dRNA	2778	2785	2778	2778	2778	0	0	0	3	36458.221769	dRNA	C6, PC_12, PK_15	0	0
102	PC_12_dRNA	LT934125.1	2778	2785	-	2778	11910.257593	10940.818022	2778	2778	1	0	8	dRNA	PC_12	dRNA	2778	2785	2778	2778	2778	0	0	0	3	36458.221769	dRNA	C6, PC_12, PK_15	0	0
102	PK_15_dRNA	LT934125.1	2778	2785	-	2778	11381.577188	10659.078949	2778	2778	1	0	8	dRNA	PK_15	dRNA	2778	2785	2778	2778	2778	0	0	0	3	36458.221769	dRNA	C6, PC_12, PK_15	0	0
103	C6_dRNA	LT934125.1	2922	2922	-	2922	129.082225	129.082225	2922	2922	1	0	1	dRNA	C6	dRNA	2922	2922	2922	2922	2922	0	0	0	1	129.082225	dRNA	C6	0	0
104	C6_dRNA	LT934125.1	3494	3494	-	3494	129.082225	129.082225	3494	3494	1	0	1	dRNA	C6	dRNA	3494	3494	3494	3494	3494	0	0	0	1	129.082225	dRNA	C6	0	0
105	C6_dRNA	LT934125.1	8486	8497	-	8487	5163.289015	4388.795663	8487	8487	1	0	12	dRNA	C6	dRNA	8486	8497	8487	8487	8487	0	0	1.06505947432164	3	12629.438499	dRNA	C6, PC_12, PK_15	0	0
105	PC_12_dRNA	LT934125.1	8487	8492	-	8487	3693.103129	3185.30145	8487	8489	3	0.642795710007152	6	dRNA	PC_12	dRNA	8486	8497	8487	8487	8487	0	0	1.06505947432164	3	12629.438499	dRNA	C6, PC_12, PK_15	0	0
105	PK_15_dRNA	LT934125.1	8487	8492	-	8487	3773.046355	3327.059789	8487	8490	4	1.06505947432164	6	dRNA	PK_15	dRNA	8486	8497	8487	8487	8487	0	0	1.06505947432164	3	12629.438499	dRNA	C6, PC_12, PK_15	0	0
106	C6_dRNA	LT934125.1	10815	10815	-	10815	129.082225	129.082225	10815	10815	1	0	1	dRNA	C6	dRNA	10815	10815	10815	10815	10815	0	0	0	1	129.082225	dRNA	C6	0	0
107	PC_12_dRNA	LT934125.1	15213	15213	-	15213	46.163789	46.163789	15213	15213	1	0	1	dRNA	PC_12	dRNA	15213	15213	15213	15213	15213	0	0	0	1	46.163789	dRNA	PC_12	0	0
108	PC_12_dRNA	LT934125.1	15871	15871	-	15871	46.163789	46.163789	15871	15871	1	0	1	dRNA	PC_12	dRNA	15871	15871	15871	15871	15871	0	0	0	1	46.163789	dRNA	PC_12	0	0
109	C6_dRNA	LT934125.1	16581	16593	-	16581	34723.118626	24912.869498	16581	16583	3	1.29782804090456	13	dRNA	C6	dRNA	16581	16593	16581	16581	16581	1.29782804090456	1.29782804090456	1.37384648303827	3	117019.903507	dRNA	C6, PC_12, PK_15	0	0
109	PC_12_dRNA	LT934125.1	16581	16591	-	16581	36931.031297	26036.377066	16581	16583	3	1.37384648303827	11	dRNA	PC_12	dRNA	16581	16593	16581	16581	16581	1.29782804090456	1.29782804090456	1.37384648303827	3	117019.903507	dRNA	C6, PC_12, PK_15	0	0
109	PK_15_dRNA	LT934125.1	16581	16593	-	16581	45365.753584	31647.206786	16581	16583	3	1.37273035785075	13	dRNA	PK_15	dRNA	16581	16593	16581	16581	16581	1.29782804090456	1.29782804090456	1.37384648303827	3	117019.903507	dRNA	C6, PC_12, PK_15	0	0
110	C6_dRNA	LT934125.1	21475	21481	-	21477	9164.838002	5808.700142	21475	21477	3	1.430259514142	7	dRNA	C6	dRNA	21473	21481	21477	21477	21477	1.430259514142	1.430259514142	1.60678130897181	3	26311.904783	dRNA	C6, PC_12, PK_15	0	0
110	PC_12_dRNA	LT934125.1	21475	21479	-	21477	9832.887083	5585.818484	21475	21477	3	1.53115720294138	5	dRNA	PC_12	dRNA	21473	21481	21477	21477	21477	1.430259514142	1.430259514142	1.60678130897181	3	26311.904783	dRNA	C6, PC_12, PK_15	0	0
110	PK_15_dRNA	LT934125.1	21473	21481	-	21477	7314.179698	3853.323938	21475	21477	3	1.60678130897181	9	dRNA	PK_15	dRNA	21473	21481	21477	21477	21477	1.430259514142	1.430259514142	1.60678130897181	3	26311.904783	dRNA	C6, PC_12, PK_15	0	0
111	C6_dRNA	LT934125.1	22955	22955	-	22955	129.082225	129.082225	22955	22955	1	0	1	dRNA	C6	dRNA	22955	22955	22955	22955	22955	0	0	0	1	129.082225	dRNA	C6	0	0
112	C6_dRNA	LT934125.1	23481	23481	-	23481	129.082225	129.082225	23481	23481	1	0	1	dRNA	C6	dRNA	23481	23481	23481	23481	23481	0	0	0	1	129.082225	dRNA	C6	0	0
113	PC_12_dRNA	LT934125.1	24906	24906	-	24906	46.163789	46.163789	24906	24906	1	0	1	dRNA	PC_12	dRNA	24906	24906	24906	24906	24906	0	0	0	1	46.163789	dRNA	PC_12	0	0
114	C6_dRNA	LT934125.1	28071	28071	-	28071	129.082225	129.082225	28071	28071	1	0	1	dRNA	C6	dRNA	28071	28071	28071	28071	28071	0	0	0	1	129.082225	dRNA	C6	0	0
115	C6_dRNA	LT934125.1	28425	28433	-	28429	39111.91429	26461.856202	28427	28430	4	2.11503912086685	9	dRNA	C6	dRNA	28425	28440	28429	28429	28429	0.855682166212876	0.855682166212876	2.11503912086685	3	108796.97401	dRNA	C6, PC_12, PK_15	0	0
115	PC_12_dRNA	LT934125.1	28425	28433	-	28429	35638.445203	24974.609916	28427	28430	4	2.06040470672187	9	dRNA	PC_12	dRNA	28425	28440	28429	28429	28429	0.855682166212876	0.855682166212876	2.11503912086685	3	108796.97401	dRNA	C6, PC_12, PK_15	0	0
115	PK_15_dRNA	LT934125.1	28427	28440	-	28429	34046.614517	24939.56882	28428	28430	3	0.855682166212876	14	dRNA	PK_15	dRNA	28425	28440	28429	28429	28429	0.855682166212876	0.855682166212876	2.11503912086685	3	108796.97401	dRNA	C6, PC_12, PK_15	0	0
116	C6_dRNA	LT934125.1	29691	29691	-	29691	129.082225	129.082225	29691	29691	1	0	1	dRNA	C6	dRNA	29691	29691	29691	29691	29691	0	0	0	1	129.082225	dRNA	C6	0	0
117	C6_dRNA	LT934125.1	32686	32694	-	32686	16264.360398	15102.620369	32686	32686	1	0	9	dRNA	C6	dRNA	32686	32694	32686	32686	32686	0	0	0	3	56435.852432	dRNA	C6, PC_12, PK_15	0	0
117	PC_12_dRNA	LT934125.1	32686	32694	-	32686	26221.032221	25066.937494	32686	32686	1	0	9	dRNA	PC_12	dRNA	32686	32694	32686	32686	32686	0	0	0	3	56435.852432	dRNA	C6, PC_12, PK_15	0	0
117	PK_15_dRNA	LT934125.1	32686	32694	-	32686	13950.459813	13388.516738	32686	32686	1	0	9	dRNA	PK_15	dRNA	32686	32694	32686	32686	32686	0	0	0	3	56435.852432	dRNA	C6, PC_12, PK_15	0	0
118	PC_12_dRNA	LT934125.1	33943	33943	-	33943	46.163789	46.163789	33943	33943	1	0	1	dRNA	PC_12	dRNA	33943	33943	33943	33943	33943	0	0	0	1	46.163789	dRNA	PC_12	0	0
119	C6_dRNA	LT934125.1	39552	39552	-	39552	129.082225	129.082225	39552	39552	1	0	1	dRNA	C6	dRNA	39552	39552	39552	39552	39552	0	0	0	1	129.082225	dRNA	C6	0	0
120	C6_dRNA	LT934125.1	41145	41145	-	41145	129.082225	129.082225	41145	41145	1	0	1	dRNA	C6	dRNA	41145	41145	41145	41145	41145	0	0	0	1	129.082225	dRNA	C6	0	0
121	C6_dRNA	LT934125.1	41959	41959	-	41959	129.082225	129.082225	41959	41959	1	0	1	dRNA	C6	dRNA	41959	41959	41959	41959	41959	0	0	0	1	129.082225	dRNA	C6	0	0
122	C6_dRNA	LT934125.1	41999	42012	-	42007	12391.893636	4776.042339	42005	42008	4	3.11686957479802	14	dRNA	C6	dRNA	41999	42014	42006	42005	42007	3.08858254990152	3.08858254990152	3.15119866563287	3	32913.916305	dRNA	C6, PC_12, PK_15	-1	2
122	PC_12_dRNA	LT934125.1	42005	42012	-	42005	11771.766227	5078.016804	42005	42008	4	3.08858254990152	8	dRNA	PC_12	dRNA	41999	42014	42006	42005	42007	3.08858254990152	3.08858254990152	3.15119866563287	3	32913.916305	dRNA	C6, PC_12, PK_15	1	2
122	PK_15_dRNA	LT934125.1	42004	42014	-	42005	8750.256442	3728.447699	42005	42008	4	3.15119866563287	11	dRNA	PK_15	dRNA	41999	42014	42006	42005	42007	3.08858254990152	3.08858254990152	3.15119866563287	3	32913.916305	dRNA	C6, PC_12, PK_15	1	2
123	PC_12_dRNA	LT934125.1	43059	43059	-	43059	46.163789	46.163789	43059	43059	1	0	1	dRNA	PC_12	dRNA	43059	43059	43059	43059	43059	0	0	0	1	46.163789	dRNA	PC_12	0	0
124	PC_12_dRNA	LT934125.1	43495	43495	-	43495	46.163789	46.163789	43495	43495	1	0	1	dRNA	PC_12	dRNA	43495	43495	43495	43495	43495	0	0	0	1	46.163789	dRNA	PC_12	0	0
125	PC_12_dRNA	LT934125.1	48175	48175	-	48175	46.163789	46.163789	48175	48175	1	0	1	dRNA	PC_12	dRNA	48175	48175	48175	48175	48175	0	0	0	1	46.163789	dRNA	PC_12	0	0
126	PC_12_dRNA	LT934125.1	48875	48875	-	48875	46.163789	46.163789	48875	48875	1	0	1	dRNA	PC_12	dRNA	48875	48875	48875	48875	48875	0	0	0	1	46.163789	dRNA	PC_12	0	0
127	PC_12_dRNA	LT934125.1	49775	49775	-	49775	46.163789	46.163789	49775	49775	1	0	1	dRNA	PC_12	dRNA	49775	49775	49775	49775	49775	0	0	0	1	46.163789	dRNA	PC_12	0	0
128	C6_dRNA	LT934125.1	50029	50030	-	50030	387.246676	258.164451	50029	50030	2	0.918295833193712	2	dRNA	C6	dRNA	50026	50042	50030	50030	50030	0.918295833193712	0.918295833193712	5.83659166810898	3	1003.179201	dRNA	C6, PC_12, PK_15	0	0
128	PC_12_dRNA	LT934125.1	50027	50042	-	50030	276.982734	138.491367	50027	50042	16	5.83659166810898	16	dRNA	PC_12	dRNA	50026	50042	50030	50030	50030	0.918295833193712	0.918295833193712	5.83659166810898	3	1003.179201	dRNA	C6, PC_12, PK_15	0	0
128	PK_15_dRNA	LT934125.1	50026	50040	-	50030	338.949791	160.555164	50027	50030	4	3.20466854165193	15	dRNA	PK_15	dRNA	50026	50042	50030	50030	50030	0.918295833193712	0.918295833193712	5.83659166810898	3	1003.179201	dRNA	C6, PC_12, PK_15	0	0
129	C6_dRNA	LT934125.1	51863	51863	-	51863	129.082225	129.082225	51863	51863	1	0	1	dRNA	C6	dRNA	51863	51863	51863	51863	51863	0	0	0	1	129.082225	dRNA	C6	0	0
130	C6_dRNA	LT934125.1	52027	52027	-	52027	129.082225	129.082225	52027	52027	1	0	1	dRNA	C6	dRNA	52027	52027	52027	52027	52027	0	0	0	1	129.082225	dRNA	C6	0	0
131	C6_dRNA	LT934125.1	55268	55279	-	55270	68671.743901	56667.096941	55270	55273	4	0.522280783713297	12	dRNA	C6	dRNA	55265	55280	55270	55270	55270	0.065035383551287	0.065035383551287	1.00102374224329	3	190349.750824	dRNA	C6, PC_12, PK_15	0	0
131	PC_12_dRNA	LT934125.1	55265	55279	-	55270	60890.037855	49256.762995	55270	55275	6	1.00102374224329	15	dRNA	PC_12	dRNA	55265	55280	55270	55270	55270	0.065035383551287	0.065035383551287	1.00102374224329	3	190349.750824	dRNA	C6, PC_12, PK_15	0	0
131	PK_15_dRNA	LT934125.1	55265	55280	-	55270	60787.969068	50664.073998	55270	55271	2	0.065035383551287	16	dRNA	PK_15	dRNA	55265	55280	55270	55270	55270	0.065035383551287	0.065035383551287	1.00102374224329	3	190349.750824	dRNA	C6, PC_12, PK_15	0	0
132	C6_dRNA	LT934125.1	57879	57879	-	57879	129.082225	129.082225	57879	57879	1	0	1	dRNA	C6	dRNA	57879	57879	57879	57879	57879	0	0	0	1	129.082225	dRNA	C6	0	0
133	PC_12_dRNA	LT934125.1	58500	58500	-	58500	46.163789	46.163789	58500	58500	1	0	1	dRNA	PC_12	dRNA	58500	58500	58500	58500	58500	0	0	0	1	46.163789	dRNA	PC_12	0	0
134	C6_dRNA	LT934125.1	60419	60419	-	60419	129.082225	129.082225	60419	60419	1	0	1	dRNA	C6	dRNA	60419	60419	60419	60419	60419	0	0	0	1	129.082225	dRNA	C6	0	0
135	C6_dRNA	LT934125.1	60884	60884	-	60884	129.082225	129.082225	60884	60884	1	0	1	dRNA	C6	dRNA	60884	60884	60884	60884	60884	0	0	0	1	129.082225	dRNA	C6	0	0
136	PC_12_dRNA	LT934125.1	61570	61570	-	61570	46.163789	46.163789	61570	61570	1	0	1	dRNA	PC_12	dRNA	61570	61570	61570	61570	61570	0	0	0	1	46.163789	dRNA	PC_12	0	0
137	C6_dRNA	LT934125.1	63152	63174	-	63161	87001.419904	52794.630179	63153	63161	9	3.81106380716773	23	dRNA	C6	dRNA	63152	63174	63161	63161	63161	3.63376250160291	3.63376250160291	3.81106380716773	3	271712.52422	dRNA	C6, PC_12, PK_15	0	0
137	PC_12_dRNA	LT934125.1	63152	63174	-	63161	63706.028988	38823.746653	63153	63161	9	3.65915073472255	23	dRNA	PC_12	dRNA	63152	63174	63161	63161	63161	3.63376250160291	3.63376250160291	3.81106380716773	3	271712.52422	dRNA	C6, PC_12, PK_15	0	0
137	PK_15_dRNA	LT934125.1	63152	63172	-	63161	121005.075328	72472.817119	63153	63161	9	3.63376250160291	21	dRNA	PK_15	dRNA	63152	63174	63161	63161	63161	3.63376250160291	3.63376250160291	3.81106380716773	3	271712.52422	dRNA	C6, PC_12, PK_15	0	0
138	C6_dRNA	LT934125.1	63303	63303	-	63303	129.082225	129.082225	63303	63303	1	0	1	dRNA	C6	dRNA	63303	63303	63303	63303	63303	0	0	0	1	129.082225	dRNA	C6	0	0
139	PC_12_dRNA	LT934125.1	63521	63521	-	63521	46.163789	46.163789	63521	63521	1	0	1	dRNA	PC_12	dRNA	63521	63521	63521	63521	63521	0	0	0	1	46.163789	dRNA	PC_12	0	0
140	C6_dRNA	LT934125.1	64133	64151	-	64138	13037.304762	6195.946818	64133	64144	12	5.8336167737036	19	dRNA	C6	dRNA	64133	64152	64138	64138	64138	5.79014143355835	5.79014143355835	5.95799711588242	3	40092.673631	dRNA	C6, PC_12, PK_15	0	0
140	PC_12_dRNA	LT934125.1	64133	64152	-	64138	17680.731234	9925.214662	64133	64144	12	5.95799711588242	20	dRNA	PC_12	dRNA	64133	64152	64138	64138	64138	5.79014143355835	5.79014143355835	5.95799711588242	3	40092.673631	dRNA	C6, PC_12, PK_15	0	0
140	PK_15_dRNA	LT934125.1	64133	64151	-	64138	9374.637635	5021.808743	64133	64144	12	5.79014143355835	19	dRNA	PK_15	dRNA	64133	64152	64138	64138	64138	5.79014143355835	5.79014143355835	5.95799711588242	3	40092.673631	dRNA	C6, PC_12, PK_15	0	0
141	PC_12_dRNA	LT934125.1	64226	64226	-	64226	46.163789	46.163789	64226	64226	1	0	1	dRNA	PC_12	dRNA	64226	64226	64226	64226	64226	0	0	0	1	46.163789	dRNA	PC_12	0	0
142	C6_dRNA	LT934125.1	64801	64801	-	64801	129.082225	129.082225	64801	64801	1	0	1	dRNA	C6	dRNA	64801	64801	64801	64801	64801	0	0	0	1	129.082225	dRNA	C6	0	0
143	C6_dRNA	LT934125.1	71546	71555	-	71549	3097.973408	1936.233381	71546	71554	9	4.95180751965242	10	dRNA	C6	dRNA	71546	71555	71549	71549	71549	2.6491020823047	2.6491020823047	4.95180751965242	3	8763.431232	dRNA	C6, PC_12, PK_15	0	0
143	PC_12_dRNA	LT934125.1	71546	71555	-	71549	3462.284184	2123.5343	71546	71553	8	4.77705062822409	10	dRNA	PC_12	dRNA	71546	71555	71549	71549	71549	2.6491020823047	2.6491020823047	4.95180751965242	3	8763.431232	dRNA	C6, PC_12, PK_15	0	0
143	PK_15_dRNA	LT934125.1	71546	71555	-	71549	2203.17364	1471.755671	71548	71553	6	2.6491020823047	10	dRNA	PK_15	dRNA	71546	71555	71549	71549	71549	2.6491020823047	2.6491020823047	4.95180751965242	3	8763.431232	dRNA	C6, PC_12, PK_15	0	0
144	PC_12_dRNA	LT934125.1	72291	72291	-	72291	46.163789	46.163789	72291	72291	1	0	1	dRNA	PC_12	dRNA	72291	72291	72291	72291	72291	0	0	0	1	46.163789	dRNA	PC_12	0	0
145	C6_dRNA	LT934125.1	75652	75652	-	75652	258.164451	258.164451	75652	75652	1	0	1	dRNA	C6	dRNA	75646	75652	75649	75646	75652	0	0	4.21103238308641	3	460.65907	dRNA	C6, PC_12, PK_15	-3	6
145	PC_12_dRNA	LT934125.1	75646	75652	-	75646	184.655156	92.327578	75646	75652	7	4.21103238308641	7	dRNA	PC_12	dRNA	75646	75652	75649	75646	75652	0	0	4.21103238308641	3	460.65907	dRNA	C6, PC_12, PK_15	3	6
145	PK_15_dRNA	LT934125.1	75649	75649	-	75649	17.839463	17.839463	75649	75649	1	0	1	dRNA	PK_15	dRNA	75646	75652	75649	75646	75652	0	0	4.21103238308641	3	460.65907	dRNA	C6, PC_12, PK_15	0	6
146	PC_12_dRNA	LT934125.1	77035	77035	-	77035	46.163789	46.163789	77035	77035	1	0	1	dRNA	PC_12	dRNA	77035	77035	77035	77035	77035	0	0	0	1	46.163789	dRNA	PC_12	0	0
147	C6_dRNA	LT934125.1	78736	78736	-	78736	129.082225	129.082225	78736	78736	1	0	1	dRNA	C6	dRNA	78736	78736	78736	78736	78736	0	0	0	1	129.082225	dRNA	C6	0	0
148	C6_dRNA	LT934125.1	80352	80363	-	80352	52536.465728	46727.765587	80352	80354	3	0.257087106694593	12	dRNA	C6	dRNA	80352	80365	80352	80352	80352	0	0	0.257087106694593	3	162682.581804	dRNA	C6, PC_12, PK_15	0	0
148	PC_12_dRNA	LT934125.1	80352	80365	-	80352	45932.970177	41778.229157	80352	80352	1	0	14	dRNA	PC_12	dRNA	80352	80365	80352	80352	80352	0	0	0.257087106694593	3	162682.581804	dRNA	C6, PC_12, PK_15	0	0
148	PK_15_dRNA	LT934125.1	80352	80363	-	80352	64213.145899	58308.283754	80352	80352	1	0	12	dRNA	PK_15	dRNA	80352	80365	80352	80352	80352	0	0	0.257087106694593	3	162682.581804	dRNA	C6, PC_12, PK_15	0	0
149	C6_dRNA	LT934125.1	80661	80661	-	80661	129.082225	129.082225	80661	80661	1	0	1	dRNA	C6	dRNA	80661	80661	80661	80661	80661	0	0	0	1	129.082225	dRNA	C6	0	0
150	C6_dRNA	LT934125.1	86124	86145	-	86130	11230.153607	10197.495805	86130	86130	1	0	22	dRNA	C6	dRNA	86124	86145	86130	86130	86130	0	0	0	3	27569.597226	dRNA	C6, PC_12, PK_15	0	0
150	PC_12_dRNA	LT934125.1	86124	86142	-	86130	10479.18013	9648.231927	86130	86130	1	0	19	dRNA	PC_12	dRNA	86124	86145	86130	86130	86130	0	0	0	3	27569.597226	dRNA	C6, PC_12, PK_15	0	0
150	PK_15_dRNA	LT934125.1	86124	86133	-	86130	5860.263489	5360.758534	86130	86130	1	0	10	dRNA	PK_15	dRNA	86124	86145	86130	86130	86130	0	0	0	3	27569.597226	dRNA	C6, PC_12, PK_15	0	0
151	PC_12_dRNA	LT934125.1	88000	88000	-	88000	46.163789	46.163789	88000	88000	1	0	1	dRNA	PC_12	dRNA	88000	88000	88000	88000	88000	0	0	0	1	46.163789	dRNA	PC_12	0	0
152	PC_12_dRNA	LT934125.1	88112	88112	-	88112	46.163789	46.163789	88112	88112	1	0	1	dRNA	PC_12	dRNA	88112	88112	88112	88112	88112	0	0	0	1	46.163789	dRNA	PC_12	0	0
153	C6_dRNA	LT934125.1	90287	90287	-	90287	129.082225	129.082225	90287	90287	1	0	1	dRNA	C6	dRNA	90287	90287	90287	90287	90287	0	0	0	1	129.082225	dRNA	C6	0	0
154	PC_12_dRNA	LT934125.1	90507	90507	-	90507	46.163789	46.163789	90507	90507	1	0	1	dRNA	PC_12	dRNA	90507	90507	90507	90507	90507	0	0	0	1	46.163789	dRNA	PC_12	0	0
155	C6_dRNA	LT934125.1	92017	92017	-	92017	129.082225	129.082225	92017	92017	1	0	1	dRNA	C6	dRNA	92017	92017	92017	92017	92017	0	0	0	1	129.082225	dRNA	C6	0	0
156	C6_dRNA	LT934125.1	92054	92080	-	92069	16651.607071	7099.522396	92067	92072	6	5.14441286408661	27	dRNA	C6	dRNA	92054	92080	92069	92069	92069	5.01788528480023	5.01788528480023	5.14441286408661	3	47535.72882	dRNA	C6, PC_12, PK_15	0	0
156	PC_12_dRNA	LT934125.1	92064	92080	-	92069	17219.09334	6832.24079	92067	92072	6	5.10661542542469	17	dRNA	PC_12	dRNA	92054	92080	92069	92069	92069	5.01788528480023	5.01788528480023	5.14441286408661	3	47535.72882	dRNA	C6, PC_12, PK_15	0	0
156	PK_15_dRNA	LT934125.1	92063	92080	-	92069	13665.028409	4834.494385	92067	92072	6	5.01788528480023	18	dRNA	PK_15	dRNA	92054	92080	92069	92069	92069	5.01788528480023	5.01788528480023	5.14441286408661	3	47535.72882	dRNA	C6, PC_12, PK_15	0	0
157	C6_dRNA	LT934125.1	92926	92926	-	92926	129.082225	129.082225	92926	92926	1	0	1	dRNA	C6	dRNA	92926	92926	92926	92926	92926	0	0	0	1	129.082225	dRNA	C6	0	0
158	C6_dRNA	LT934125.1	93604	93604	-	93604	129.082225	129.082225	93604	93604	1	0	1	dRNA	C6	dRNA	93604	93604	93604	93604	93604	0	0	0	1	129.082225	dRNA	C6	0	0
159	C6_dRNA	LT934125.1	93772	93772	-	93772	129.082225	129.082225	93772	93772	1	0	1	dRNA	C6	dRNA	93772	93772	93772	93772	93772	0	0	0	1	129.082225	dRNA	C6	0	0
160	C6_dRNA	LT934125.1	95886	95898	-	95892	9164.838002	1807.151155	95889	95898	10	8.46844140805196	13	dRNA	C6	dRNA	95880	95898	95892	95892	95892	8.46844140805196	8.46844140805196	10.6734323281201	3	23938.466062	dRNA	C6, PC_12, PK_15	0	0
160	PC_12_dRNA	LT934125.1	95882	95898	-	95892	8494.137199	1754.223987	95889	95898	10	8.67594394314535	17	dRNA	PC_12	dRNA	95880	95898	95892	95892	95892	8.46844140805196	8.46844140805196	10.6734323281201	3	23938.466062	dRNA	C6, PC_12, PK_15	0	0
160	PK_15_dRNA	LT934125.1	95880	95898	-	95892	6279.490861	1230.922925	95886	95898	13	10.6734323281201	19	dRNA	PK_15	dRNA	95880	95898	95892	95892	95892	8.46844140805196	8.46844140805196	10.6734323281201	3	23938.466062	dRNA	C6, PC_12, PK_15	0	0
161	C6_dRNA	LT934125.1	96807	96807	-	96807	129.082225	129.082225	96807	96807	1	0	1	dRNA	C6	dRNA	96807	96807	96807	96807	96807	0	0	0	1	129.082225	dRNA	C6	0	0
162	C6_dRNA	LT934125.1	98783	98783	-	98783	129.082225	129.082225	98783	98783	1	0	1	dRNA	C6	dRNA	98783	98783	98783	98783	98783	0	0	0	1	129.082225	dRNA	C6	0	0
163	C6_dRNA	LT934125.1	102357	102369	-	102361	4646.960113	2581.644508	102358	102367	10	4.90893586613019	13	dRNA	C6	dRNA	102356	102369	102361	102361	102361	4.79477013802349	4.79477013802349	5.00882419249324	3	13419.158879	dRNA	C6, PC_12, PK_15	0	0
163	PC_12_dRNA	LT934125.1	102357	102369	-	102361	5908.965007	3923.922076	102358	102367	10	4.79477013802349	13	dRNA	PC_12	dRNA	102356	102369	102361	102361	102361	4.79477013802349	4.79477013802349	5.00882419249324	3	13419.158879	dRNA	C6, PC_12, PK_15	0	0
163	PK_15_dRNA	LT934125.1	102356	102369	-	102361	2863.233759	1828.544924	102358	102367	10	5.00882419249324	14	dRNA	PK_15	dRNA	102356	102369	102361	102361	102361	4.79477013802349	4.79477013802349	5.00882419249324	3	13419.158879	dRNA	C6, PC_12, PK_15	0	0
164	C6_dRNA	LT934125.1	104626	104626	-	104626	129.082225	129.082225	104626	104626	1	0	1	dRNA	C6	dRNA	104626	104626	104626	104626	104626	0	0	0	1	129.082225	dRNA	C6	0	0
165	PC_12_dRNA	LT934125.1	108294	108294	-	108294	46.163789	46.163789	108294	108294	1	0	1	dRNA	PC_12	dRNA	108294	108294	108294	108294	108294	0	0	0	1	46.163789	dRNA	PC_12	0	0
166	PC_12_dRNA	LT934125.1	110202	110202	-	110202	46.163789	46.163789	110202	110202	1	0	1	dRNA	PC_12	dRNA	110202	110202	110202	110202	110202	0	0	0	1	46.163789	dRNA	PC_12	0	0
167	C6_dRNA	LT934125.1	111353	111353	-	111353	129.082225	129.082225	111353	111353	1	0	1	dRNA	C6	dRNA	111353	111353	111353	111353	111353	0	0	0	1	129.082225	dRNA	C6	0	0
168	C6_dRNA	LT934125.1	111606	111606	-	111606	129.082225	129.082225	111606	111606	1	0	1	dRNA	C6	dRNA	111606	111606	111606	111606	111606	0	0	0	1	129.082225	dRNA	C6	0	0
169	PC_12_dRNA	LT934125.1	114054	114054	-	114054	46.163789	46.163789	114054	114054	1	0	1	dRNA	PC_12	dRNA	114054	114054	114054	114054	114054	0	0	0	1	46.163789	dRNA	PC_12	0	0
170	C6_dRNA	LT934125.1	117251	117258	-	117251	387.246675	129.082225	117251	117258	8	4.75488750216347	8	dRNA	C6	dRNA	117248	117258	117252	117251	117253	2.09712352938225	2.09712352938225	4.75488750216347	2	571.901831	dRNA	C6, PC_12	1	2
170	PC_12_dRNA	LT934125.1	117248	117253	-	117253	184.655156	138.491367	117248	117253	6	2.09712352938225	6	dRNA	PC_12	dRNA	117248	117258	117252	117251	117253	2.09712352938225	2.09712352938225	4.75488750216347	2	571.901831	dRNA	C6, PC_12	-1	2
171	C6_dRNA	LT934125.1	122916	122916	-	122916	129.082225	129.082225	122916	122916	1	0	1	dRNA	C6	dRNA	122916	122916	122916	122916	122916	0	0	0	2	175.246014	dRNA	C6, PC_12	0	0
171	PC_12_dRNA	LT934125.1	122916	122916	-	122916	46.163789	46.163789	122916	122916	1	0	1	dRNA	PC_12	dRNA	122916	122916	122916	122916	122916	0	0	0	2	175.246014	dRNA	C6, PC_12	0	0
172	PC_12_dRNA	LT934125.1	123708	123708	-	123708	46.163789	46.163789	123708	123708	1	0	1	dRNA	PC_12	dRNA	123708	123708	123708	123708	123708	0	0	0	1	46.163789	dRNA	PC_12	0	0
173	C6_dRNA	LT934125.1	124844	124844	-	124844	129.082225	129.082225	124844	124844	1	0	1	dRNA	C6	dRNA	124844	124844	124844	124844	124844	0	0	0	1	129.082225	dRNA	C6	0	0
174	C6_dRNA	LT934125.1	126753	126758	-	126753	1419.904478	1161.740028	126753	126755	3	0.743340427674793	6	dRNA	C6	dRNA	126753	126760	126753	126753	126753	0.743340427674793	0.743340427674793	1.16017571583005	3	5080.29177	dRNA	C6, PC_12, PK_15	0	0
174	PC_12_dRNA	LT934125.1	126753	126758	-	126753	1938.879143	1523.405041	126753	126755	3	0.890356818936477	6	dRNA	PC_12	dRNA	126753	126760	126753	126753	126753	0.743340427674793	0.743340427674793	1.16017571583005	3	5080.29177	dRNA	C6, PC_12, PK_15	0	0
174	PK_15_dRNA	LT934125.1	126753	126760	-	126753	1721.508149	1391.478089	126753	126756	4	1.16017571583005	8	dRNA	PK_15	dRNA	126753	126760	126753	126753	126753	0.743340427674793	0.743340427674793	1.16017571583005	3	5080.29177	dRNA	C6, PC_12, PK_15	0	0
175	C6_dRNA	LT934125.1	126801	126801	-	126801	129.082225	129.082225	126801	126801	1	0	1	dRNA	C6	dRNA	126801	126801	126801	126801	126801	0	0	0	1	129.082225	dRNA	C6	0	0
176	C6_dRNA	LT934125.1	127345	127345	-	127345	129.082225	129.082225	127345	127345	1	0	1	dRNA	C6	dRNA	127345	127345	127345	127345	127345	0	0	0	1	129.082225	dRNA	C6	0	0
177	PC_12_dRNA	LT934125.1	127496	127496	-	127496	46.163789	46.163789	127496	127496	1	0	1	dRNA	PC_12	dRNA	127496	127496	127496	127496	127496	0	0	0	1	46.163789	dRNA	PC_12	0	0
178	C6_dRNA	LT934125.1	127526	127526	-	127526	129.082225	129.082225	127526	127526	1	0	1	dRNA	C6	dRNA	127526	127526	127526	127526	127526	0	0	0	1	129.082225	dRNA	C6	0	0
179	PC_12_dRNA	LT934125.1	127569	127569	-	127569	46.163789	46.163789	127569	127569	1	0	1	dRNA	PC_12	dRNA	127569	127569	127569	127569	127569	0	0	0	1	46.163789	dRNA	PC_12	0	0
180	PC_12_dRNA	LT934125.1	127728	127728	-	127728	46.163789	46.163789	127728	127728	1	0	1	dRNA	PC_12	dRNA	127728	127728	127728	127728	127728	0	0	0	1	46.163789	dRNA	PC_12	0	0
181	C6_dRNA	LT934125.1	127782	127782	-	127782	129.082225	129.082225	127782	127782	1	0	1	dRNA	C6	dRNA	127782	127782	127782	127782	127782	0	0	0	1	129.082225	dRNA	C6	0	0
182	C6_dRNA	LT934125.1	127830	127830	-	127830	129.082225	129.082225	127830	127830	1	0	1	dRNA	C6	dRNA	127830	127830	127830	127830	127830	0	0	0	1	129.082225	dRNA	C6	0	0
183	C6_dRNA	LT934125.1	128036	128036	-	128036	129.082225	129.082225	128036	128036	1	0	1	dRNA	C6	dRNA	128036	128036	128036	128036	128036	0	0	0	1	129.082225	dRNA	C6	0	0
184	C6_dRNA	LT934125.1	128341	128341	-	128341	129.082225	129.082225	128341	128341	1	0	1	dRNA	C6	dRNA	128341	128350	128346	128341	128350	0	0	0	2	175.246014	dRNA	C6, PC_12	5	9
184	PC_12_dRNA	LT934125.1	128350	128350	-	128350	46.163789	46.163789	128350	128350	1	0	1	dRNA	PC_12	dRNA	128341	128350	128346	128341	128350	0	0	0	2	175.246014	dRNA	C6, PC_12	-4	9
185	C6_dRNA	LT934125.1	128407	128407	-	128407	129.082225	129.082225	128407	128407	1	0	1	dRNA	C6	dRNA	128407	128407	128407	128407	128407	0	0	0	1	129.082225	dRNA	C6	0	0
186	C6_dRNA	LT934125.1	128504	128504	-	128504	129.082225	129.082225	128504	128504	1	0	1	dRNA	C6	dRNA	128504	128504	128504	128504	128504	0	0	0	1	129.082225	dRNA	C6	0	0
187	PC_12_dRNA	LT934125.1	131752	131752	-	131752	46.163789	46.163789	131752	131752	1	0	1	dRNA	PC_12	dRNA	131752	131752	131752	131752	131752	0	0	0	1	46.163789	dRNA	PC_12	0	0
188	C6_dRNA	LT934125.1	133730	133730	-	133730	129.082225	129.082225	133730	133730	1	0	1	dRNA	C6	dRNA	133730	133730	133730	133730	133730	0	0	0	1	129.082225	dRNA	C6	0	0
189	C6_dRNA	LT934125.1	134887	134901	-	134888	6970.440169	5937.782367	134888	134889	2	0.462749058644926	15	dRNA	C6	dRNA	134887	134901	134888	134888	134888	0.378438361632625	0.378438361632625	0.462749058644926	3	29703.14302	dRNA	C6, PC_12, PK_15	0	0
189	PC_12_dRNA	LT934125.1	134887	134901	-	134888	10940.818022	9001.938879	134888	134889	2	0.446481346758238	15	dRNA	PC_12	dRNA	134887	134901	134888	134888	134888	0.378438361632625	0.378438361632625	0.462749058644926	3	29703.14302	dRNA	C6, PC_12, PK_15	0	0
189	PK_15_dRNA	LT934125.1	134888	134900	-	134888	11791.884829	10248.771307	134888	134889	2	0.378438361632625	13	dRNA	PK_15	dRNA	134887	134901	134888	134888	134888	0.378438361632625	0.378438361632625	0.462749058644926	3	29703.14302	dRNA	C6, PC_12, PK_15	0	0
190	PC_12_dRNA	LT934125.1	134970	134970	-	134970	46.163789	46.163789	134970	134970	1	0	1	dRNA	PC_12	dRNA	134970	134970	134970	134970	134970	0	0	0	1	46.163789	dRNA	PC_12	0	0
191	PC_12_dRNA	LT934125.1	135103	135103	-	135103	92.327578	92.327578	135103	135103	1	0	1	dRNA	PC_12	dRNA	135103	135103	135103	135103	135103	0	0	0	1	92.327578	dRNA	PC_12	0	0
192	C6_dRNA	LT934125.1	135464	135470	-	135464	258.16445	129.082225	135464	135470	7	2.8073549220576	7	dRNA	C6	dRNA	135464	135486	135474	135464	135484	1.58496250072116	1.58496250072116	2.8073549220576	2	350.492028	dRNA	C6, PC_12	10	20
192	PC_12_dRNA	LT934125.1	135484	135486	-	135484	92.327578	46.163789	135484	135486	3	1.58496250072116	3	dRNA	PC_12	dRNA	135464	135486	135474	135464	135484	1.58496250072116	1.58496250072116	2.8073549220576	2	350.492028	dRNA	C6, PC_12	-10	20
193	PC_12_dRNA	LT934125.1	135597	135597	-	135597	46.163789	46.163789	135597	135597	1	0	1	dRNA	PC_12	dRNA	135597	135597	135597	135597	135597	0	0	0	1	46.163789	dRNA	PC_12	0	0
194	C6_dRNA	LT934125.1	135616	135630	-	135630	387.246676	258.164451	135616	135630	15	3.587681354691	15	dRNA	C6	dRNA	135616	135649	135640	135630	135649	0	0	3.587681354691	2	479.574254	dRNA	C6, PC_12	10	19
194	PC_12_dRNA	LT934125.1	135649	135649	-	135649	92.327578	92.327578	135649	135649	1	0	1	dRNA	PC_12	dRNA	135616	135649	135640	135630	135649	0	0	3.587681354691	2	479.574254	dRNA	C6, PC_12	-9	19
195	C6_dRNA	LT934125.1	135686	135686	-	135686	129.082225	129.082225	135686	135686	1	0	1	dRNA	C6	dRNA	135686	135686	135686	135686	135686	0	0	0	1	129.082225	dRNA	C6	0	0
196	C6_dRNA	LT934125.1	135728	135728	-	135728	129.082225	129.082225	135728	135728	1	0	1	dRNA	C6	dRNA	135728	135728	135728	135728	135728	0	0	0	1	129.082225	dRNA	C6	0	0
197	PC_12_dRNA	LT934125.1	139138	139138	-	139138	46.163789	46.163789	139138	139138	1	0	1	dRNA	PC_12	dRNA	139138	139138	139138	139138	139138	0	0	0	1	46.163789	dRNA	PC_12	0	0
198	C6_dRNA	LT934125.1	141130	141130	-	141130	129.082225	129.082225	141130	141130	1	0	1	dRNA	C6	dRNA	141110	141130	141120	141110	141130	0	0	0	2	175.246014	dRNA	C6, PC_12	-10	20
198	PC_12_dRNA	LT934125.1	141110	141110	-	141110	46.163789	46.163789	141110	141110	1	0	1	dRNA	PC_12	dRNA	141110	141130	141120	141110	141130	0	0	0	2	175.246014	dRNA	C6, PC_12	10	20
199	PC_12_dRNA	LT934125.1	141324	141324	-	141324	46.163789	46.163789	141324	141324	1	0	1	dRNA	PC_12	dRNA	141324	141324	141324	141324	141324	0	0	0	1	46.163789	dRNA	PC_12	0	0
